0 0 0 6.91862e-06 4.64581e-06 3.62523e-06 1.92192e-06 1.24546e-06 9.8904e-07 8.93775e-07 6.88332e-07 0 0 0 0 0 0 0 
4.88222e-05 3.34506e-05 2.29136e-05 1.58804e-05 1.08013e-05 7.18378e-06 5.08881e-06 3.79876e-06 2.67744e-06 1.97156e-06 1.45021e-06 1.1056e-06 7.76729e-07 6.50372e-07 0 0 0 0 
8.19201e-05 5.95922e-05 4.54212e-05 3.48016e-05 2.66235e-05 1.94654e-05 1.44795e-05 1.05548e-05 7.94613e-06 5.58889e-06 4.09714e-06 2.97119e-06 2.3348e-06 1.76768e-06 1.28693e-06 1.02661e-06 7.88265e-07 5.93181e-07 
0.000148503 0.000112921 8.74969e-05 6.93961e-05 5.32176e-05 4.14728e-05 3.21678e-05 2.49749e-05 1.94864e-05 1.5942e-05 1.22639e-05 9.28837e-06 6.90872e-06 5.33109e-06 4.03457e-06 2.92925e-06 2.29527e-06 1.78033e-06 
0.000196213 0.000155552 0.00012871 0.000105886 8.82291e-05 7.15817e-05 5.93126e-05 4.78599e-05 3.952e-05 3.1264e-05 2.60601e-05 2.08718e-05 1.73556e-05 1.37043e-05 1.13401e-05 9.06661e-06 7.29016e-06 5.526e-06 
0.000274085 0.000224135 0.000183507 0.000150827 0.000121666 0.000101479 8.59105e-05 7.28908e-05 6.26858e-05 5.2423e-05 4.46871e-05 3.81479e-05 3.26035e-05 2.77493e-05 2.26587e-05 1.92579e-05 1.64021e-05 1.39065e-05 
0.000382458 0.000304947 0.000255744 0.00021299 0.000177841 0.000149698 0.000125796 0.000106357 8.92585e-05 7.57888e-05 6.5143e-05 5.63002e-05 5.01521e-05 4.38627e-05 3.86172e-05 3.39594e-05 2.96801e-05 2.59362e-05 
0.000521951 0.000436193 0.000365411 0.000310635 0.000259125 0.000213718 0.000183633 0.000155412 0.000134628 0.000114447 9.77011e-05 8.69464e-05 7.53819e-05 6.73812e-05 5.82916e-05 5.09188e-05 4.55895e-05 4.03413e-05 
0.000742102 0.000640782 0.000546532 0.000465394 0.000386126 0.000331894 0.000285172 0.000236522 0.000206287 0.000180364 0.000152463 0.000133952 0.000117787 0.000101469 9.08521e-05 8.1431e-05 7.29726e-05 6.40011e-05 
0.00111288 0.000990988 0.000854546 0.000732416 0.000621333 0.000530508 0.000453765 0.000390101 0.000337854 0.000292566 0.000247614 0.000216774 0.000191829 0.000169773 0.000149806 0.000133458 0.000118996 0.00010701 
0.00169226 0.00156475 0.00140501 0.00120158 0.00102835 0.000872714 0.000771349 0.000660342 0.000567846 0.000489833 0.000438873 0.000383431 0.000335237 0.000294858 0.000267844 0.000237733 0.000211865 0.000188541 
0.00245774 0.00243815 0.00210549 0.00186826 0.00159229 0.00140769 0.00119771 0.00105996 0.000942686 0.000813305 0.00073151 0.000634588 0.000573262 0.000500392 0.000455517 0.000401414 0.000366668 0.000325697 
0.00398889 0.00376557 0.0033384 0.00294371 0.00248638 0.00271989 0.00239754 0.00212745 0.00182899 0.00164232 0.00148306 0.00134584 0.00117931 0.00107694 0.000986686 0.000905671 0.000802819 0.000740813 
0.00904038 0.00900882 0.00708017 0.00559663 0.00458277 0 0 0 0 0 0 0 0 0 0 0 0 0 
