0 0 0 1.01298e-05 6.90316e-06 4.1699e-06 2.31496e-06 1.7212e-06 1.20468e-06 1.00132e-06 8.12644e-07 0 0 0 0 0 0 0 
6.28816e-05 4.09623e-05 2.79862e-05 1.96051e-05 1.32589e-05 9.18621e-06 6.91149e-06 4.94419e-06 3.52524e-06 2.54199e-06 1.8147e-06 1.26285e-06 9.82543e-07 8.15275e-07 0 0 0 0 
0.000106775 7.67025e-05 5.87353e-05 4.54807e-05 3.49876e-05 2.52764e-05 1.86068e-05 1.37574e-05 1.0168e-05 7.13647e-06 5.34875e-06 4.1109e-06 3.17128e-06 2.39219e-06 1.69246e-06 1.28343e-06 9.59561e-07 7.07788e-07 
0.000184099 0.000140324 0.000109769 8.82068e-05 6.87087e-05 5.37958e-05 4.24309e-05 3.3327e-05 2.60643e-05 2.12311e-05 1.61731e-05 1.20595e-05 8.99601e-06 6.86486e-06 5.16599e-06 3.89389e-06 3.10259e-06 2.51392e-06 
0.00025787 0.000200054 0.000163446 0.000132913 0.00011056 8.9684e-05 7.5278e-05 6.11509e-05 5.07831e-05 4.08038e-05 3.39821e-05 2.74863e-05 2.29309e-05 1.82881e-05 1.52004e-05 1.18598e-05 9.4743e-06 7.1485e-06 
0.000335295 0.000276452 0.000228066 0.000190573 0.000155282 0.000130273 0.000109166 9.23005e-05 7.88636e-05 6.58917e-05 5.63656e-05 4.86988e-05 4.1679e-05 3.55649e-05 2.93666e-05 2.51041e-05 2.14562e-05 1.8248e-05 
0.000462302 0.00037009 0.000317645 0.000267615 0.000223673 0.000186289 0.000156784 0.000132728 0.000112829 9.65824e-05 8.3184e-05 7.16182e-05 6.35606e-05 5.5504e-05 4.86585e-05 4.26545e-05 3.74503e-05 3.29733e-05 
0.000645787 0.000550589 0.000457312 0.000388542 0.000323703 0.000270511 0.000232896 0.000195734 0.000169595 0.000144865 0.000123935 0.000109309 9.46672e-05 8.4506e-05 7.3513e-05 6.47499e-05 5.82311e-05 5.14768e-05 
0.000903833 0.000778091 0.000674251 0.000578775 0.000481875 0.000412758 0.000354492 0.000299153 0.000260249 0.000225941 0.000191714 0.000168988 0.000149351 0.0001293 0.000115156 0.000102527 9.20767e-05 8.10383e-05 
0.00133443 0.00120642 0.00104806 0.000893279 0.000766214 0.000654191 0.000560699 0.000484028 0.000418452 0.000362859 0.000308359 0.000270923 0.000238396 0.00021108 0.000187599 0.000167455 0.000149661 0.00013448 
0.00203058 0.00188576 0.00170361 0.00145947 0.00124688 0.00106543 0.000941841 0.000807773 0.000696317 0.000603745 0.000541976 0.000472827 0.000414478 0.000364821 0.000332538 0.000294398 0.0002616 0.000233904 
0.00295932 0.00292642 0.00255507 0.00226532 0.00192994 0.00170381 0.00145254 0.00128532 0.00114224 0.000987509 0.000885478 0.000770614 0.000696081 0.000609341 0.000554854 0.000490934 0.000450263 0.000398761 
0.00446759 0.00441725 0.00397471 0.00351762 0.00299484 0.00325696 0.00287201 0.00254997 0.00219238 0.00196772 0.00177736 0.00161207 0.00141619 0.00129303 0.00118519 0.00108868 0.000964888 0.000890303 
0.0103014 0.0106336 0.00840595 0.00664611 0.00544529 0 0 0 0 0 0 0 0 0 0 0 0 0 
