 # Detector n: 1D Projection
   46.000000000000000        47.000000000000000        3.41615646E-06   14.7864628    
   47.000000000000000        48.000000000000000        2.88040496E-06   2.06656957    
   48.000000000000000        49.000000000000000        2.00427894E-06   2.95048285    
   49.000000000000000        50.000000000000000        1.33536355E-06   2.81020498    
   50.000000000000000        51.000000000000000        1.13938597E-06   3.33291101    
   51.000000000000000        52.000000000000000        9.82816687E-07   3.55797553    
   52.000000000000000        53.000000000000000        8.63825903E-07   4.27055264    
   53.000000000000000        54.000000000000000        6.98447650E-07   3.88477492    
   54.000000000000000        55.000000000000000        6.94256414E-07   5.07974863    
   55.000000000000000        56.000000000000000        6.34296271E-07   4.96155214    
   56.000000000000000        57.000000000000000        6.17252624E-07   5.41258669    
   57.000000000000000        58.000000000000000        5.70417228E-07   5.81471109    
   58.000000000000000        59.000000000000000        5.09656616E-07   4.70685625    
   59.000000000000000        60.000000000000000        4.40614230E-07   3.87770343    
   60.000000000000000        61.000000000000000        4.70202224E-07   5.74150848    
   61.000000000000000        62.000000000000000        4.30011113E-07   4.36972809    
   62.000000000000000        63.000000000000000        4.35138446E-07   5.03766012    
   63.000000000000000        64.000000000000000        3.72179073E-07   4.49076128    
   64.000000000000000        65.000000000000000        3.74599864E-07   5.35187292    
   65.000000000000000        66.000000000000000        3.48724996E-07   6.04736567    
   66.000000000000000        67.000000000000000        3.45123823E-07   5.84667492    
   67.000000000000000        68.000000000000000        3.06105107E-07   4.89534521    
   68.000000000000000        69.000000000000000        2.95118326E-07   5.85691500    
   69.000000000000000        70.000000000000000        3.02292420E-07   7.60938072    
   70.000000000000000        71.000000000000000        2.60284907E-07   6.28719091    
   71.000000000000000        72.000000000000000        2.92612413E-07   7.25159550    
   72.000000000000000        73.000000000000000        2.46189728E-07   4.83022308    
   73.000000000000000        74.000000000000000        2.25860319E-07   7.21053505    
   74.000000000000000        75.000000000000000        2.05975368E-07   6.64675903    
   75.000000000000000        76.000000000000000        2.17703288E-07   9.21454906    
   76.000000000000000        77.000000000000000        2.06056129E-07   9.74233627    
   77.000000000000000        78.000000000000000        1.94033447E-07   6.29547834    
   78.000000000000000        79.000000000000000        1.99056558E-07   7.49378872    
   79.000000000000000        80.000000000000000        1.80523301E-07   6.16034508    
   80.000000000000000        81.000000000000000        1.68097031E-07   6.38347101    
   81.000000000000000        82.000000000000000        1.85918850E-07   8.61624908    
   82.000000000000000        83.000000000000000        1.55785656E-07   5.77455950    
   83.000000000000000        84.000000000000000        1.36797553E-07   4.90158367    
   84.000000000000000        85.000000000000000        1.48181499E-07   7.24644279    
   85.000000000000000        86.000000000000000        1.26167080E-07   6.72668839    
   86.000000000000000        87.000000000000000        1.42189833E-07   11.2847767    
   87.000000000000000        88.000000000000000        1.15072382E-07   5.20258999    
   88.000000000000000        89.000000000000000        1.16819152E-07   7.73585081    
   89.000000000000000        90.000000000000000        1.04622195E-07   5.48511600    
   90.000000000000000        91.000000000000000        1.11633717E-07   7.09986830    
   91.000000000000000        92.000000000000000        1.17231686E-07   7.79419708    
   92.000000000000000        93.000000000000000        1.13920393E-07   10.9729557    
   93.000000000000000        94.000000000000000        9.33252977E-08   5.59654474    
   94.000000000000000        95.000000000000000        9.04423985E-08   8.13801670    
   95.000000000000000        96.000000000000000        8.13246501E-08   6.90897799    
   96.000000000000000        97.000000000000000        1.04881373E-07   14.0932503    
   97.000000000000000        98.000000000000000        7.75654456E-08   8.26336861    
   98.000000000000000        99.000000000000000        6.71617286E-08   5.29450083    
   99.000000000000000        100.00000000000000        7.70601361E-08   7.79234266    
   100.00000000000000        101.00000000000000        8.95740371E-08   10.9683142    
   101.00000000000000        102.00000000000000        6.81435424E-08   8.24099255    
   102.00000000000000        103.00000000000000        7.30052605E-08   8.33911896    
   103.00000000000000        104.00000000000000        8.58907470E-08   16.5218678    
   104.00000000000000        105.00000000000000        6.08678050E-08   9.08738804    
   105.00000000000000        106.00000000000000        5.66893270E-08   6.97724915    
   106.00000000000000        107.00000000000000        6.58901982E-08   10.5504427    
   107.00000000000000        108.00000000000000        7.29700318E-08   12.6994076    
   108.00000000000000        109.00000000000000        6.55948540E-08   20.8202477    
   109.00000000000000        110.00000000000000        5.45956240E-08   18.8834972    
   110.00000000000000        111.00000000000000        5.15746450E-08   12.3134117    
   111.00000000000000        112.00000000000000        5.42686998E-08   14.5871754    
   112.00000000000000        113.00000000000000        5.66223939E-08   13.4738340    
   113.00000000000000        114.00000000000000        6.09029271E-08   9.85103321    
   114.00000000000000        115.00000000000000        4.82232139E-08   17.0418053    
   115.00000000000000        116.00000000000000        5.02113728E-08   15.9876451    
   116.00000000000000        117.00000000000000        6.07221509E-08   24.3729000    
   117.00000000000000        118.00000000000000        5.03503905E-08   13.2825613    
   118.00000000000000        119.00000000000000        4.16259738E-08   13.5374784    
   119.00000000000000        120.00000000000000        4.65886743E-08   13.0811539    
   120.00000000000000        121.00000000000000        4.43348895E-08   13.6353750    
   121.00000000000000        122.00000000000000        4.60026435E-08   21.8134251    
   122.00000000000000        123.00000000000000        4.27562874E-08   15.7420368    
   123.00000000000000        124.00000000000000        3.83846590E-08   16.2268829    
   124.00000000000000        125.00000000000000        3.30013989E-08   9.26239967    
   125.00000000000000        126.00000000000000        2.72667382E-08   8.97595692    
   126.00000000000000        127.00000000000000        3.19281739E-08   8.38007450    
   127.00000000000000        128.00000000000000        2.81201178E-08   10.7588291    
   128.00000000000000        129.00000000000000        3.33876642E-08   21.2085896    
   129.00000000000000        130.00000000000000        2.77789951E-08   8.55357742    
   130.00000000000000        131.00000000000000        2.50903600E-08   10.5543995    
   131.00000000000000        132.00000000000000        2.51287808E-08   12.5153856    
   132.00000000000000        133.00000000000000        1.99553885E-08   11.1197166    
   133.00000000000000        134.00000000000000        2.06526867E-08   8.19051456    
   134.00000000000000        135.00000000000000        2.23918573E-08   10.8864870    
   135.00000000000000        136.00000000000000        2.15028173E-08   8.96779919    
   136.00000000000000        137.00000000000000        2.29032526E-08   12.0684719    
   137.00000000000000        138.00000000000000        1.89057783E-08   10.7077875    
   138.00000000000000        139.00000000000000        1.86045579E-08   8.79509830    
   139.00000000000000        140.00000000000000        1.90744949E-08   14.6961479    
   140.00000000000000        141.00000000000000        1.79816482E-08   8.74266148    
   141.00000000000000        142.00000000000000        2.07288711E-08   20.8349476    
   142.00000000000000        143.00000000000000        1.82248208E-08   12.5037994    
   143.00000000000000        144.00000000000000        2.20665601E-08   14.1752796    
   144.00000000000000        145.00000000000000        1.65502900E-08   11.5145941    
   145.00000000000000        146.00000000000000        1.79634174E-08   13.7013731    
   146.00000000000000        147.00000000000000        1.52088120E-08   12.9181881    
   147.00000000000000        148.00000000000000        1.61711924E-08   19.0628376    
   148.00000000000000        149.00000000000000        1.36945628E-08   11.2303238    
   149.00000000000000        150.00000000000000        1.45859484E-08   12.5031815    
   150.00000000000000        151.00000000000000        1.30540903E-08   11.6357822    
   151.00000000000000        152.00000000000000        1.24298225E-08   15.2677908    
   152.00000000000000        153.00000000000000        1.30955824E-08   13.5594826    
   153.00000000000000        154.00000000000000        1.38480987E-08   13.8886471    
   154.00000000000000        155.00000000000000        9.71530145E-09   11.0576553    
   155.00000000000000        156.00000000000000        1.88701375E-08   20.4167595    
   156.00000000000000        157.00000000000000        1.28873054E-08   12.6654568    
   157.00000000000000        158.00000000000000        1.20069883E-08   17.5911617    
   158.00000000000000        159.00000000000000        9.59089519E-09   9.76518440    
   159.00000000000000        160.00000000000000        1.04454729E-08   22.0892029    
   160.00000000000000        161.00000000000000        1.22416246E-08   19.1425629    
   161.00000000000000        162.00000000000000        1.08792761E-08   13.8737793    
   162.00000000000000        163.00000000000000        1.07315632E-08   12.0807657    
   163.00000000000000        164.00000000000000        1.48594941E-08   28.6573772    
   164.00000000000000        165.00000000000000        8.13796319E-09   12.8672733    
   165.00000000000000        166.00000000000000        9.96578020E-09   13.4226885    
   166.00000000000000        167.00000000000000        8.49784776E-09   14.7183313    
   167.00000000000000        168.00000000000000        1.05459428E-08   17.5679989    
   168.00000000000000        169.00000000000000        6.95230007E-09   13.4609518    
   169.00000000000000        170.00000000000000        8.11319012E-09   15.6198521    
   170.00000000000000        171.00000000000000        1.12755485E-08   18.0892372    
   171.00000000000000        172.00000000000000        1.09096474E-08   24.2016544    
   172.00000000000000        173.00000000000000        6.09469764E-09   10.3976612    
   173.00000000000000        174.00000000000000        6.31786623E-09   11.4777288    
   174.00000000000000        175.00000000000000        6.93343161E-09   21.0058117    
   175.00000000000000        176.00000000000000        5.53724000E-09   11.3084078    
   176.00000000000000        177.00000000000000        8.40613446E-09   16.2961998    
   177.00000000000000        178.00000000000000        6.69068223E-09   17.2906513    
   178.00000000000000        179.00000000000000        7.42833306E-09   17.3220139    
   179.00000000000000        180.00000000000000        7.46272377E-09   15.3225813    
   180.00000000000000        181.00000000000000        6.03336447E-09   13.3531752    
   181.00000000000000        182.00000000000000        5.55175461E-09   14.5267801    
   182.00000000000000        183.00000000000000        4.56238958E-09   12.2847090    
   183.00000000000000        184.00000000000000        8.23604207E-09   28.0417595    
   184.00000000000000        185.00000000000000        7.60660246E-09   16.6258583    
   185.00000000000000        186.00000000000000        1.02557349E-08   47.6952820    
   186.00000000000000        187.00000000000000        9.74946879E-09   29.6211338    
   187.00000000000000        188.00000000000000        1.01119433E-08   29.0277748    
   188.00000000000000        189.00000000000000        4.61244332E-09   15.8239145    
   189.00000000000000        190.00000000000000        6.04663297E-09   22.3326492    
   190.00000000000000        191.00000000000000        4.44413395E-09   14.2883930    
   191.00000000000000        192.00000000000000        4.27317426E-09   16.5299568    
   192.00000000000000        193.00000000000000        4.17003410E-09   31.8704224    
   193.00000000000000        194.00000000000000        3.15434145E-09   16.7776203    
   194.00000000000000        195.00000000000000        3.17293680E-09   14.5961361    
   195.00000000000000        196.00000000000000        4.98512609E-09   22.0537128    
   196.00000000000000        197.00000000000000        4.59727145E-09   26.0189476    
   197.00000000000000        198.00000000000000        2.62983924E-09   16.6509247    
   198.00000000000000        199.00000000000000        3.87050036E-09   18.3064861    
   199.00000000000000        200.00000000000000        6.39201092E-09   59.0420380    
   200.00000000000000        201.00000000000000        2.83101431E-09   16.4975624    
   201.00000000000000        202.00000000000000        2.40655718E-09   19.9186783    
   202.00000000000000        203.00000000000000        6.16111606E-09   39.4582329    
   203.00000000000000        204.00000000000000        3.42819795E-09   30.5524826    
   204.00000000000000        205.00000000000000        2.16881890E-09   19.5104504    
   205.00000000000000        206.00000000000000        2.44878806E-09   18.8488083    
   206.00000000000000        207.00000000000000        2.76274359E-09   22.7095833    
   207.00000000000000        208.00000000000000        2.34536013E-09   18.8955822    
   208.00000000000000        209.00000000000000        3.59383590E-09   22.6398315    
   209.00000000000000        210.00000000000000        2.57625055E-09   15.8194809    
   210.00000000000000        211.00000000000000        2.63379318E-09   17.6562767    
   211.00000000000000        212.00000000000000        1.52617396E-09   22.1853485    
   212.00000000000000        213.00000000000000        1.43179091E-09   16.5741749    
   213.00000000000000        214.00000000000000        2.20486540E-09   32.0024643    
   214.00000000000000        215.00000000000000        1.89691174E-09   15.8130732    
   215.00000000000000        216.00000000000000        2.59062194E-09   35.8629150    
   216.00000000000000        217.00000000000000        1.77519799E-09   25.1852264    
   217.00000000000000        218.00000000000000        1.11270848E-09   19.7875538    
   218.00000000000000        219.00000000000000        2.27800112E-09   29.4556522    
   219.00000000000000        220.00000000000000        3.03697245E-09   26.5058250    
   220.00000000000000        221.00000000000000        1.63674119E-09   20.8883247    
   221.00000000000000        222.00000000000000        2.24792074E-09   27.7684269    
   222.00000000000000        223.00000000000000        1.46436407E-09   33.6988983    
   223.00000000000000        224.00000000000000        1.83007920E-09   27.2677097    
   224.00000000000000        225.00000000000000        2.24280527E-09   54.5029755    
   225.00000000000000        226.00000000000000        9.79473724E-10   21.3046856    
   226.00000000000000        227.00000000000000        1.03473718E-09   30.1264343    
   227.00000000000000        228.00000000000000        1.39380385E-09   16.0918941    
   228.00000000000000        229.00000000000000        1.49045343E-09   17.8488979    
   229.00000000000000        230.00000000000000        1.71293313E-09   38.5129585    
   230.00000000000000        231.00000000000000        1.51344526E-09   21.4061489    
   231.00000000000000        232.00000000000000        1.33259348E-09   23.6485710    
   232.00000000000000        233.00000000000000        7.81951726E-10   24.5509396    
   233.00000000000000        234.00000000000000        9.66818181E-10   20.9415264    
   234.00000000000000        235.00000000000000        3.09356074E-09   52.8110809    
   235.00000000000000        236.00000000000000        8.43307146E-10   19.5972214    
   236.00000000000000        237.00000000000000        4.15839196E-10   24.1576233    
   237.00000000000000        238.00000000000000        4.85268048E-10   31.2370129    
   238.00000000000000        239.00000000000000        7.22375604E-10   23.5774822    
   239.00000000000000        240.00000000000000        1.41731704E-09   66.0095139    
   240.00000000000000        241.00000000000000        9.44228251E-10   24.5940800    
   241.00000000000000        242.00000000000000        1.33814604E-09   45.7048454    
   242.00000000000000        243.00000000000000        1.13700949E-09   35.5161705    
   243.00000000000000        244.00000000000000        6.68698541E-10   29.0352345    
   244.00000000000000        245.00000000000000        5.09978948E-10   24.8473701    
   245.00000000000000        246.00000000000000        8.69766370E-10   22.9197903    
   246.00000000000000        247.00000000000000        7.80436438E-10   34.4312477    
   247.00000000000000        248.00000000000000        8.26380575E-10   32.1760406    
   248.00000000000000        249.00000000000000        6.49779841E-10   25.1675835    
   249.00000000000000        250.00000000000000        7.02916170E-10   31.0241642    
   250.00000000000000        251.00000000000000        4.70960437E-10   23.3458881    
   251.00000000000000        252.00000000000000        4.54201371E-10   31.3858624    
   252.00000000000000        253.00000000000000        5.08963371E-10   34.2764053    
   253.00000000000000        254.00000000000000        3.49608092E-10   31.1226730    
   254.00000000000000        255.00000000000000        6.78043621E-10   24.8134766    
   255.00000000000000        256.00000000000000        8.49337267E-10   72.5214233    
   256.00000000000000        257.00000000000000        5.64926050E-10   37.8713531    
   257.00000000000000        258.00000000000000        4.64570993E-10   34.9231796    
   258.00000000000000        259.00000000000000        4.38069664E-10   36.4549217    
   259.00000000000000        260.00000000000000        5.31493349E-10   21.7157135    
   260.00000000000000        261.00000000000000        3.47122719E-10   34.2787819    
   261.00000000000000        262.00000000000000        3.20687199E-10   41.4464531    
   262.00000000000000        263.00000000000000        1.57187596E-09   52.4163589    
   263.00000000000000        263.00000000000000        1.57187596E-09   52.4163589    
