 # Detector n: 1D Projection
   47.000000000000000        48.000000000000000        2.61956620E-06   6.34664392    
   48.000000000000000        49.000000000000000        2.63843981E-06   2.40310979    
   49.000000000000000        50.000000000000000        1.76796277E-06   2.96945953    
   50.000000000000000        51.000000000000000        1.27950022E-06   3.41956830    
   51.000000000000000        52.000000000000000        1.02559784E-06   4.52001762    
   52.000000000000000        53.000000000000000        8.13324618E-07   4.30012035    
   53.000000000000000        54.000000000000000        7.08923949E-07   5.07431746    
   54.000000000000000        55.000000000000000        6.23055143E-07   5.58100700    
   55.000000000000000        56.000000000000000        5.84443001E-07   4.44544888    
   56.000000000000000        57.000000000000000        5.31564865E-07   5.41566706    
   57.000000000000000        58.000000000000000        4.40581147E-07   5.30586338    
   58.000000000000000        59.000000000000000        4.53458654E-07   7.81982613    
   59.000000000000000        60.000000000000000        3.98178742E-07   6.30043840    
   60.000000000000000        61.000000000000000        3.83495802E-07   5.50719881    
   61.000000000000000        62.000000000000000        3.37098072E-07   4.53442764    
   62.000000000000000        63.000000000000000        3.63833948E-07   9.36824799    
   63.000000000000000        64.000000000000000        3.22122816E-07   5.83179808    
   64.000000000000000        65.000000000000000        3.19798346E-07   8.61185455    
   65.000000000000000        66.000000000000000        2.83816064E-07   5.99316120    
   66.000000000000000        67.000000000000000        2.52041445E-07   3.94550228    
   67.000000000000000        68.000000000000000        2.41806276E-07   5.10493660    
   68.000000000000000        69.000000000000000        2.51556799E-07   9.07875252    
   69.000000000000000        70.000000000000000        2.06840298E-07   4.81089973    
   70.000000000000000        71.000000000000000        2.04255159E-07   5.66266632    
   71.000000000000000        72.000000000000000        2.29720925E-07   8.75091648    
   72.000000000000000        73.000000000000000        1.82202115E-07   5.85957241    
   73.000000000000000        74.000000000000000        2.13166047E-07   9.28836536    
   74.000000000000000        75.000000000000000        1.75319073E-07   5.97259855    
   75.000000000000000        76.000000000000000        1.62065362E-07   5.08081675    
   76.000000000000000        77.000000000000000        1.46307158E-07   5.89904356    
   77.000000000000000        78.000000000000000        1.37909410E-07   6.41733408    
   78.000000000000000        79.000000000000000        1.36160864E-07   5.61058187    
   79.000000000000000        80.000000000000000        1.30889745E-07   5.78625154    
   80.000000000000000        81.000000000000000        1.33577785E-07   6.69427586    
   81.000000000000000        82.000000000000000        1.38352391E-07   11.9265366    
   82.000000000000000        83.000000000000000        1.39762591E-07   12.2587051    
   83.000000000000000        84.000000000000000        1.26490107E-07   9.28848267    
   84.000000000000000        85.000000000000000        1.04336010E-07   7.46217060    
   85.000000000000000        86.000000000000000        9.60513944E-08   6.02131844    
   86.000000000000000        87.000000000000000        9.84404593E-08   7.85758066    
   87.000000000000000        88.000000000000000        9.71138334E-08   7.76239872    
   88.000000000000000        89.000000000000000        9.24662302E-08   12.3712921    
   89.000000000000000        90.000000000000000        8.20656254E-08   9.21840572    
   90.000000000000000        91.000000000000000        9.77210632E-08   12.8803282    
   91.000000000000000        92.000000000000000        8.31709244E-08   9.63794899    
   92.000000000000000        93.000000000000000        7.47078701E-08   8.30563545    
   93.000000000000000        94.000000000000000        7.39676480E-08   10.4280386    
   94.000000000000000        95.000000000000000        6.89401816E-08   9.40608883    
   95.000000000000000        96.000000000000000        6.73081146E-08   9.09437370    
   96.000000000000000        97.000000000000000        7.10308043E-08   10.0576963    
   97.000000000000000        98.000000000000000        6.16347577E-08   12.8684196    
   98.000000000000000        99.000000000000000        5.81218842E-08   7.42696762    
   99.000000000000000        100.00000000000000        5.20988728E-08   7.83837938    
   100.00000000000000        101.00000000000000        5.33432427E-08   9.07759476    
   101.00000000000000        102.00000000000000        6.62646684E-08   13.7243118    
   102.00000000000000        103.00000000000000        5.50510499E-08   8.96019745    
   103.00000000000000        104.00000000000000        4.45344774E-08   10.2760506    
   104.00000000000000        105.00000000000000        6.45142535E-08   12.4052477    
   105.00000000000000        106.00000000000000        4.27590905E-08   7.26116133    
   106.00000000000000        107.00000000000000        4.32284608E-08   8.28985977    
   107.00000000000000        108.00000000000000        4.32777760E-08   9.92351627    
   108.00000000000000        109.00000000000000        4.60059120E-08   17.2157726    
   109.00000000000000        110.00000000000000        3.74814597E-08   7.61451721    
   110.00000000000000        111.00000000000000        4.74262372E-08   12.7367020    
   111.00000000000000        112.00000000000000        3.38822552E-08   9.99149132    
   112.00000000000000        113.00000000000000        3.48030298E-08   7.74262476    
   113.00000000000000        114.00000000000000        3.27945351E-08   9.26085663    
   114.00000000000000        115.00000000000000        3.35736559E-08   14.1668434    
   115.00000000000000        116.00000000000000        3.29768426E-08   12.9140453    
   116.00000000000000        117.00000000000000        2.71828462E-08   9.50456142    
   117.00000000000000        118.00000000000000        2.50529464E-08   8.71618080    
   118.00000000000000        119.00000000000000        3.22578764E-08   10.9545326    
   119.00000000000000        120.00000000000000        3.00842338E-08   12.4558592    
   120.00000000000000        121.00000000000000        2.18225331E-08   8.33215523    
   121.00000000000000        122.00000000000000        2.45529677E-08   11.2024126    
   122.00000000000000        123.00000000000000        2.24460095E-08   8.16184616    
   123.00000000000000        124.00000000000000        2.26164492E-08   9.47069550    
   124.00000000000000        125.00000000000000        1.84732727E-08   10.6340055    
   125.00000000000000        126.00000000000000        2.29164456E-08   10.9496918    
   126.00000000000000        127.00000000000000        2.36701823E-08   12.0273905    
   127.00000000000000        128.00000000000000        2.09512407E-08   11.2091999    
   128.00000000000000        129.00000000000000        2.02685602E-08   13.1198215    
   129.00000000000000        130.00000000000000        1.75412396E-08   14.0747890    
   130.00000000000000        131.00000000000000        1.75588468E-08   20.0546284    
   131.00000000000000        132.00000000000000        2.05332977E-08   21.8417130    
   132.00000000000000        133.00000000000000        1.63265739E-08   8.79427147    
   133.00000000000000        134.00000000000000        1.52105439E-08   12.6489525    
   134.00000000000000        135.00000000000000        1.75613248E-08   16.4665318    
   135.00000000000000        136.00000000000000        1.36115403E-08   10.2538090    
   136.00000000000000        137.00000000000000        1.35075275E-08   9.84935856    
   137.00000000000000        138.00000000000000        1.64750986E-08   15.9522505    
   138.00000000000000        139.00000000000000        1.40409977E-08   11.5051632    
   139.00000000000000        140.00000000000000        1.40825787E-08   13.5687160    
   140.00000000000000        141.00000000000000        1.20177823E-08   11.0649891    
   141.00000000000000        142.00000000000000        1.70593317E-08   17.7321529    
   142.00000000000000        143.00000000000000        1.36670693E-08   14.9132433    
   143.00000000000000        144.00000000000000        1.14932277E-08   19.6914768    
   144.00000000000000        145.00000000000000        1.07310241E-08   12.2929115    
   145.00000000000000        146.00000000000000        1.12603935E-08   13.6324854    
   146.00000000000000        147.00000000000000        1.73677979E-08   29.4370327    
   147.00000000000000        148.00000000000000        9.89811699E-09   17.3378487    
   148.00000000000000        149.00000000000000        1.16563150E-08   19.0370941    
   149.00000000000000        150.00000000000000        1.31400277E-08   23.0892944    
   150.00000000000000        151.00000000000000        8.68535821E-09   12.6506252    
   151.00000000000000        152.00000000000000        1.16647207E-08   36.2329407    
   152.00000000000000        153.00000000000000        1.92725658E-08   36.7173042    
   153.00000000000000        154.00000000000000        1.04740723E-08   22.6142883    
   154.00000000000000        155.00000000000000        9.91820936E-09   15.0844212    
   155.00000000000000        156.00000000000000        7.37787786E-09   11.5444288    
   156.00000000000000        157.00000000000000        6.77308654E-09   11.5988922    
   157.00000000000000        158.00000000000000        9.44466461E-09   18.7452393    
   158.00000000000000        159.00000000000000        1.16760273E-08   25.9896965    
   159.00000000000000        160.00000000000000        1.25064279E-08   36.1337738    
   160.00000000000000        161.00000000000000        8.68746319E-09   15.3887053    
   161.00000000000000        162.00000000000000        7.47099271E-09   11.8374119    
   162.00000000000000        163.00000000000000        1.02061337E-08   32.4137459    
   163.00000000000000        164.00000000000000        8.44322834E-09   18.8512115    
   164.00000000000000        165.00000000000000        6.01748962E-09   20.7686806    
   165.00000000000000        166.00000000000000        7.88425147E-09   26.2686043    
   166.00000000000000        167.00000000000000        6.64188526E-09   16.1933975    
   167.00000000000000        168.00000000000000        8.04469202E-09   27.8002968    
   168.00000000000000        169.00000000000000        4.66341810E-09   14.5415363    
   169.00000000000000        170.00000000000000        7.85403831E-09   20.9497585    
   170.00000000000000        171.00000000000000        4.87474106E-09   11.1920595    
   171.00000000000000        172.00000000000000        5.15913534E-09   24.4123478    
   172.00000000000000        173.00000000000000        7.43612638E-09   22.0230541    
   173.00000000000000        174.00000000000000        4.71472150E-09   13.3623514    
   174.00000000000000        175.00000000000000        5.30653388E-09   16.6801682    
   175.00000000000000        176.00000000000000        4.94570118E-09   16.0613918    
   176.00000000000000        177.00000000000000        4.45343185E-09   11.9410868    
   177.00000000000000        178.00000000000000        6.90347468E-09   23.0312920    
   178.00000000000000        179.00000000000000        5.86157656E-09   21.8333855    
   179.00000000000000        180.00000000000000        5.72727332E-09   17.6576366    
   180.00000000000000        181.00000000000000        4.90079177E-09   17.6247311    
   181.00000000000000        182.00000000000000        5.51973445E-09   20.6219921    
   182.00000000000000        183.00000000000000        5.31345945E-09   18.1872196    
   183.00000000000000        184.00000000000000        2.88165225E-09   13.3679628    
   184.00000000000000        185.00000000000000        6.44429843E-09   36.0484161    
   185.00000000000000        186.00000000000000        3.94368094E-09   17.5143986    
   186.00000000000000        187.00000000000000        4.47811788E-09   15.4513969    
   187.00000000000000        188.00000000000000        5.24536015E-09   29.4516830    
   188.00000000000000        189.00000000000000        7.15640303E-09   34.2731514    
   189.00000000000000        190.00000000000000        5.04526021E-09   26.9054737    
   190.00000000000000        191.00000000000000        2.78528178E-09   22.1401730    
   191.00000000000000        192.00000000000000        2.48273513E-09   15.5917425    
   192.00000000000000        193.00000000000000        4.04206491E-09   16.1194363    
   193.00000000000000        194.00000000000000        3.42682194E-09   15.7257442    
   194.00000000000000        195.00000000000000        3.16867821E-09   15.4802961    
   195.00000000000000        196.00000000000000        3.37442629E-09   31.1922874    
   196.00000000000000        197.00000000000000        3.14466564E-09   36.6609688    
   197.00000000000000        198.00000000000000        2.40276776E-09   15.7494574    
   198.00000000000000        199.00000000000000        3.07814330E-09   19.2757492    
   199.00000000000000        200.00000000000000        2.49993604E-09   20.0639267    
   200.00000000000000        201.00000000000000        2.49737386E-09   18.3097534    
   201.00000000000000        202.00000000000000        2.23457342E-09   22.2768612    
   202.00000000000000        203.00000000000000        1.84361604E-09   17.5728970    
   203.00000000000000        204.00000000000000        2.09088835E-09   24.0175610    
   204.00000000000000        205.00000000000000        2.89421598E-09   54.1813431    
   205.00000000000000        206.00000000000000        2.25381003E-09   39.2759743    
   206.00000000000000        207.00000000000000        1.37469425E-09   22.4151878    
   207.00000000000000        208.00000000000000        2.65326183E-09   19.6830769    
   208.00000000000000        209.00000000000000        3.01008085E-09   36.3729286    
   209.00000000000000        210.00000000000000        1.33643385E-09   21.6113148    
   210.00000000000000        211.00000000000000        1.40047418E-09   27.4300785    
   211.00000000000000        212.00000000000000        1.03748721E-09   19.1100025    
   212.00000000000000        213.00000000000000        1.97713823E-09   21.6876850    
   213.00000000000000        214.00000000000000        2.00368522E-09   20.9074154    
   214.00000000000000        215.00000000000000        1.20097554E-09   20.6388493    
   215.00000000000000        216.00000000000000        4.74322048E-09   54.4201736    
   216.00000000000000        217.00000000000000        5.82905235E-09   75.3490067    
   217.00000000000000        218.00000000000000        6.57494903E-09   93.2976151    
   218.00000000000000        219.00000000000000        1.84714555E-09   42.0175476    
   219.00000000000000        220.00000000000000        6.60910493E-10   20.1155205    
   220.00000000000000        221.00000000000000        1.91956140E-09   27.2387543    
   221.00000000000000        222.00000000000000        2.23300933E-09   30.9595013    
   222.00000000000000        223.00000000000000        1.39556522E-09   22.7155056    
   223.00000000000000        224.00000000000000        7.46844642E-10   31.7640038    
   224.00000000000000        225.00000000000000        6.35008823E-10   27.0311775    
   225.00000000000000        226.00000000000000        9.72792402E-10   23.3605061    
   226.00000000000000        227.00000000000000        6.15005991E-10   24.2927074    
   227.00000000000000        228.00000000000000        8.60178651E-10   19.4135628    
   228.00000000000000        229.00000000000000        8.29159130E-10   27.7165298    
   229.00000000000000        230.00000000000000        8.47455606E-10   26.7070541    
   230.00000000000000        231.00000000000000        4.41744891E-10   24.1633205    
   231.00000000000000        232.00000000000000        1.55676327E-09   27.6721268    
   232.00000000000000        233.00000000000000        1.11341314E-09   46.6403160    
   233.00000000000000        234.00000000000000        7.73892950E-10   26.7754459    
   234.00000000000000        235.00000000000000        7.18799964E-10   28.1892395    
   235.00000000000000        236.00000000000000        1.52507285E-09   35.0185318    
   236.00000000000000        237.00000000000000        1.05746822E-09   34.9638252    
   237.00000000000000        238.00000000000000        3.28634647E-10   27.8170948    
   238.00000000000000        239.00000000000000        6.36390995E-10   22.2195797    
   239.00000000000000        240.00000000000000        8.29204705E-10   33.8459053    
   240.00000000000000        241.00000000000000        6.95426328E-10   25.0297813    
   241.00000000000000        242.00000000000000        6.25634655E-10   33.5092316    
   242.00000000000000        243.00000000000000        1.14013121E-09   30.2793732    
   243.00000000000000        244.00000000000000        4.84613794E-10   33.3487930    
   244.00000000000000        245.00000000000000        5.11090170E-10   25.0859089    
   245.00000000000000        246.00000000000000        5.39048639E-10   26.5586014    
   246.00000000000000        247.00000000000000        5.16431398E-10   33.3542824    
   247.00000000000000        248.00000000000000        4.73618589E-10   27.8084641    
   248.00000000000000        249.00000000000000        1.24026533E-09   54.0407600    
   249.00000000000000        250.00000000000000        5.99843453E-10   36.0217857    
   250.00000000000000        251.00000000000000        6.94758195E-10   38.6219826    
   251.00000000000000        252.00000000000000        2.59673394E-10   36.6789360    
   252.00000000000000        253.00000000000000        8.17063195E-10   46.5557899    
   253.00000000000000        254.00000000000000        3.32996963E-10   36.5073853    
   254.00000000000000        255.00000000000000        7.98579203E-10   55.4131737    
   255.00000000000000        256.00000000000000        3.95287536E-09   105.156349    
   256.00000000000000        257.00000000000000        3.43959750E-10   28.1376743    
   257.00000000000000        258.00000000000000        3.35611039E-10   33.5041580    
   258.00000000000000        259.00000000000000        4.36573333E-10   34.0660782    
   259.00000000000000        260.00000000000000        3.71286446E-10   46.1236725    
   260.00000000000000        261.00000000000000        1.95169214E-10   30.2276840    
   261.00000000000000        262.00000000000000        8.50632009E-10   47.4517250    
   262.00000000000000        263.00000000000000        2.91696917E-10   36.0759735    
   263.00000000000000        263.00000000000000        2.91696917E-10   36.0759735    
