 # Detector n: 1D Projection
   49.000000000000000        50.000000000000000        2.29783268E-06   3.01943636    
   50.000000000000000        51.000000000000000        2.05422407E-06   2.16776967    
   51.000000000000000        52.000000000000000        1.30484250E-06   3.23522997    
   52.000000000000000        53.000000000000000        9.12181690E-07   3.71796083    
   53.000000000000000        54.000000000000000        7.31996067E-07   3.51786065    
   54.000000000000000        55.000000000000000        6.06166395E-07   4.79355812    
   55.000000000000000        56.000000000000000        5.49026140E-07   6.28433514    
   56.000000000000000        57.000000000000000        4.63366518E-07   4.91140509    
   57.000000000000000        58.000000000000000        3.76353597E-07   5.75132990    
   58.000000000000000        59.000000000000000        3.81098147E-07   5.44571733    
   59.000000000000000        60.000000000000000        3.38912940E-07   5.25584030    
   60.000000000000000        61.000000000000000        2.83917842E-07   4.45029497    
   61.000000000000000        62.000000000000000        2.98325006E-07   6.31473970    
   62.000000000000000        63.000000000000000        2.44848479E-07   5.50592709    
   63.000000000000000        64.000000000000000        2.41100707E-07   9.97874928    
   64.000000000000000        65.000000000000000        2.42066960E-07   8.29441452    
   65.000000000000000        66.000000000000000        2.23943317E-07   7.15235567    
   66.000000000000000        67.000000000000000        2.07446803E-07   8.12789536    
   67.000000000000000        68.000000000000000        1.76216787E-07   6.03112316    
   68.000000000000000        69.000000000000000        1.69585491E-07   6.85260201    
   69.000000000000000        70.000000000000000        1.71536811E-07   9.63740921    
   70.000000000000000        71.000000000000000        1.43271635E-07   5.98270655    
   71.000000000000000        72.000000000000000        1.41145648E-07   7.03310394    
   72.000000000000000        73.000000000000000        1.42127703E-07   7.63947582    
   73.000000000000000        74.000000000000000        1.23347718E-07   6.88133335    
   74.000000000000000        75.000000000000000        1.15068055E-07   10.0718422    
   75.000000000000000        76.000000000000000        1.12462835E-07   8.70725727    
   76.000000000000000        77.000000000000000        1.18727527E-07   9.34734058    
   77.000000000000000        78.000000000000000        9.65663673E-08   9.92968941    
   78.000000000000000        79.000000000000000        9.66989973E-08   6.87315321    
   79.000000000000000        80.000000000000000        7.80681404E-08   7.49395657    
   80.000000000000000        81.000000000000000        9.22322769E-08   9.22763157    
   81.000000000000000        82.000000000000000        8.28765039E-08   10.7122660    
   82.000000000000000        83.000000000000000        8.04182037E-08   14.1604166    
   83.000000000000000        84.000000000000000        7.14869373E-08   7.75311756    
   84.000000000000000        85.000000000000000        6.13034459E-08   6.81009388    
   85.000000000000000        86.000000000000000        6.74453062E-08   10.4520807    
   86.000000000000000        87.000000000000000        6.91265853E-08   9.11651802    
   87.000000000000000        88.000000000000000        7.11620345E-08   10.8263922    
   88.000000000000000        89.000000000000000        6.73271927E-08   18.5708370    
   89.000000000000000        90.000000000000000        4.82983680E-08   9.28047657    
   90.000000000000000        91.000000000000000        5.06830915E-08   12.4180908    
   91.000000000000000        92.000000000000000        6.27608259E-08   15.6204510    
   92.000000000000000        93.000000000000000        6.10988806E-08   18.2769260    
   93.000000000000000        94.000000000000000        5.07550979E-08   13.1184425    
   94.000000000000000        95.000000000000000        4.74031943E-08   9.28011703    
   95.000000000000000        96.000000000000000        3.36980719E-08   7.99955893    
   96.000000000000000        97.000000000000000        3.69550683E-08   9.45958996    
   97.000000000000000        98.000000000000000        3.81632077E-08   13.1277962    
   98.000000000000000        99.000000000000000        4.57951366E-08   19.0670681    
   99.000000000000000        100.00000000000000        3.49844242E-08   10.7903233    
   100.00000000000000        101.00000000000000        3.85000547E-08   11.7516108    
   101.00000000000000        102.00000000000000        4.34446576E-08   26.2784042    
   102.00000000000000        103.00000000000000        3.27269838E-08   15.2102900    
   103.00000000000000        104.00000000000000        3.23913767E-08   15.8468094    
   104.00000000000000        105.00000000000000        2.62989985E-08   16.3275661    
   105.00000000000000        106.00000000000000        2.30622863E-08   8.75932598    
   106.00000000000000        107.00000000000000        2.45180090E-08   12.8396149    
   107.00000000000000        108.00000000000000        2.50374903E-08   16.2956181    
   108.00000000000000        109.00000000000000        2.06305373E-08   17.2339611    
   109.00000000000000        110.00000000000000        2.09071800E-08   8.01862621    
   110.00000000000000        111.00000000000000        2.06455866E-08   9.26912308    
   111.00000000000000        112.00000000000000        2.72663740E-08   19.2022972    
   112.00000000000000        113.00000000000000        2.15305906E-08   15.2504501    
   113.00000000000000        114.00000000000000        2.00047641E-08   11.4841337    
   114.00000000000000        115.00000000000000        2.01906367E-08   9.51180649    
   115.00000000000000        116.00000000000000        1.58060711E-08   11.3851261    
   116.00000000000000        117.00000000000000        2.86986399E-08   24.7431278    
   117.00000000000000        118.00000000000000        3.03357410E-08   29.6767502    
   118.00000000000000        119.00000000000000        1.68385093E-08   10.7875290    
   119.00000000000000        120.00000000000000        1.66535923E-08   11.2304115    
   120.00000000000000        121.00000000000000        1.76469719E-08   11.2655640    
   121.00000000000000        122.00000000000000        1.93995593E-08   18.5113964    
   122.00000000000000        123.00000000000000        1.37643195E-08   15.3026667    
   123.00000000000000        124.00000000000000        1.11726939E-08   12.9931583    
   124.00000000000000        125.00000000000000        1.24258310E-08   20.4912663    
   125.00000000000000        126.00000000000000        1.66932104E-08   27.5522499    
   126.00000000000000        127.00000000000000        1.82464124E-08   20.3820686    
   127.00000000000000        128.00000000000000        1.27490667E-08   10.8576193    
   128.00000000000000        129.00000000000000        1.10907195E-08   14.5387602    
   129.00000000000000        130.00000000000000        1.38232243E-08   17.4241543    
   130.00000000000000        131.00000000000000        1.15911547E-08   10.1450806    
   131.00000000000000        132.00000000000000        9.08185793E-09   14.3139725    
   132.00000000000000        133.00000000000000        1.26237412E-08   20.0823402    
   133.00000000000000        134.00000000000000        1.02707896E-08   24.5361614    
   134.00000000000000        135.00000000000000        8.95730246E-09   16.3631153    
   135.00000000000000        136.00000000000000        1.12218430E-08   17.2182579    
   136.00000000000000        137.00000000000000        8.00670197E-09   12.4337330    
   137.00000000000000        138.00000000000000        8.66376570E-09   19.1862183    
   138.00000000000000        139.00000000000000        9.62842339E-09   22.6341457    
   139.00000000000000        140.00000000000000        8.85863827E-09   24.5551701    
   140.00000000000000        141.00000000000000        1.52453818E-08   27.7155132    
   141.00000000000000        142.00000000000000        8.37206304E-09   26.8731956    
   142.00000000000000        143.00000000000000        9.28313693E-09   28.3246632    
   143.00000000000000        144.00000000000000        6.73674760E-09   42.7331619    
   144.00000000000000        145.00000000000000        1.38014737E-08   65.8682861    
   145.00000000000000        146.00000000000000        9.14845710E-09   31.2507420    
   146.00000000000000        147.00000000000000        4.88186247E-09   12.9783812    
   147.00000000000000        148.00000000000000        6.99763536E-09   15.3711739    
   148.00000000000000        149.00000000000000        5.62685676E-09   18.7886238    
   149.00000000000000        150.00000000000000        8.67602878E-09   18.6341515    
   150.00000000000000        151.00000000000000        1.28191058E-08   61.9551888    
   151.00000000000000        152.00000000000000        7.37436689E-09   29.4414845    
   152.00000000000000        153.00000000000000        6.05561246E-09   16.6762905    
   153.00000000000000        154.00000000000000        4.03980582E-09   15.9914751    
   154.00000000000000        155.00000000000000        3.56417651E-09   14.6666069    
   155.00000000000000        156.00000000000000        3.31920025E-09   13.8636990    
   156.00000000000000        157.00000000000000        4.67838124E-09   21.4607849    
   157.00000000000000        158.00000000000000        4.84458518E-09   25.0339241    
   158.00000000000000        159.00000000000000        7.28895655E-09   32.8969955    
   159.00000000000000        160.00000000000000        3.28317951E-09   14.9907455    
   160.00000000000000        161.00000000000000        3.36988371E-09   13.6061087    
   161.00000000000000        162.00000000000000        5.44346968E-09   15.7200766    
   162.00000000000000        163.00000000000000        2.48854026E-09   17.5656757    
   163.00000000000000        164.00000000000000        3.49976248E-09   15.9655457    
   164.00000000000000        165.00000000000000        4.51969351E-09   16.4063435    
   165.00000000000000        166.00000000000000        4.41834791E-09   24.5247478    
   166.00000000000000        167.00000000000000        3.77205023E-09   18.3826847    
   167.00000000000000        168.00000000000000        5.01748021E-09   26.5301914    
   168.00000000000000        169.00000000000000        3.98825417E-09   21.1516342    
   169.00000000000000        170.00000000000000        2.80740164E-09   18.0721703    
   170.00000000000000        171.00000000000000        3.97242683E-09   16.8807888    
   171.00000000000000        172.00000000000000        2.58633670E-09   20.4296875    
   172.00000000000000        173.00000000000000        2.10500906E-09   22.0556297    
   173.00000000000000        174.00000000000000        2.57100741E-09   19.0793762    
   174.00000000000000        175.00000000000000        4.66052219E-09   49.8068390    
   175.00000000000000        176.00000000000000        2.51672660E-09   21.5313263    
   176.00000000000000        177.00000000000000        3.03594550E-09   27.1720352    
   177.00000000000000        178.00000000000000        2.56628718E-09   23.3491325    
   178.00000000000000        179.00000000000000        1.58707425E-09   15.9220743    
   179.00000000000000        180.00000000000000        2.21496221E-09   17.0302238    
   180.00000000000000        181.00000000000000        2.14663087E-09   26.3543701    
   181.00000000000000        182.00000000000000        5.96198513E-09   53.3579483    
   182.00000000000000        183.00000000000000        1.58031899E-09   19.3277740    
   183.00000000000000        184.00000000000000        1.37938716E-09   19.9182816    
   184.00000000000000        185.00000000000000        1.78568371E-09   20.3470688    
   185.00000000000000        186.00000000000000        2.00341876E-09   20.3859406    
   186.00000000000000        187.00000000000000        1.70319714E-09   17.0433502    
   187.00000000000000        188.00000000000000        1.72600600E-09   22.3427544    
   188.00000000000000        189.00000000000000        2.95455305E-09   27.0094929    
   189.00000000000000        190.00000000000000        1.17058252E-09   21.7006531    
   190.00000000000000        191.00000000000000        1.32833200E-09   23.8090229    
   191.00000000000000        192.00000000000000        1.82045434E-09   31.8570824    
   192.00000000000000        193.00000000000000        1.04305120E-09   25.1194534    
   193.00000000000000        194.00000000000000        1.40713197E-09   19.6369171    
   194.00000000000000        195.00000000000000        1.46658496E-09   26.0634308    
   195.00000000000000        196.00000000000000        1.48975277E-09   21.7421150    
   196.00000000000000        197.00000000000000        1.33571387E-09   25.6213341    
   197.00000000000000        198.00000000000000        1.38614709E-09   24.1855583    
   198.00000000000000        199.00000000000000        1.74163817E-09   21.2340584    
   199.00000000000000        200.00000000000000        1.65411707E-09   28.0377007    
   200.00000000000000        201.00000000000000        2.23575403E-09   37.5847740    
   201.00000000000000        202.00000000000000        1.82390025E-09   28.1653252    
   202.00000000000000        203.00000000000000        3.07034020E-09   63.5198364    
   203.00000000000000        204.00000000000000        1.56796698E-09   29.0542870    
   204.00000000000000        205.00000000000000        1.13170839E-09   25.8371887    
   205.00000000000000        206.00000000000000        1.47357204E-09   35.1947021    
   206.00000000000000        207.00000000000000        2.67470357E-09   50.5020065    
   207.00000000000000        208.00000000000000        7.36695316E-10   44.3462830    
   208.00000000000000        209.00000000000000        8.66778371E-10   24.4628105    
   209.00000000000000        210.00000000000000        1.00353403E-09   30.6682892    
   210.00000000000000        211.00000000000000        8.60202631E-10   33.0432854    
   211.00000000000000        212.00000000000000        7.19686311E-10   30.3757076    
   212.00000000000000        213.00000000000000        5.09273568E-10   27.0867577    
   213.00000000000000        214.00000000000000        3.17386589E-10   27.6378956    
   214.00000000000000        215.00000000000000        9.24120502E-10   48.7828598    
   215.00000000000000        216.00000000000000        5.44510936E-10   30.6752167    
   216.00000000000000        217.00000000000000        2.36906383E-09   56.9883156    
   217.00000000000000        218.00000000000000        5.13673160E-10   35.1558075    
   218.00000000000000        219.00000000000000        1.53790380E-09   56.1486549    
   219.00000000000000        220.00000000000000        5.64131741E-10   39.5169029    
   220.00000000000000        221.00000000000000        8.12550360E-10   34.9407730    
   221.00000000000000        222.00000000000000        7.12718329E-10   27.3899345    
   222.00000000000000        223.00000000000000        6.56357968E-10   30.0197697    
   223.00000000000000        224.00000000000000        8.80910234E-10   31.9732838    
   224.00000000000000        225.00000000000000        3.23520682E-10   29.6114445    
   225.00000000000000        226.00000000000000        7.13403836E-10   56.7228775    
   226.00000000000000        227.00000000000000        6.27118357E-10   32.9384727    
   227.00000000000000        228.00000000000000        5.34972955E-10   27.9366856    
   228.00000000000000        229.00000000000000        5.38525002E-10   29.0673676    
   229.00000000000000        230.00000000000000        4.38808906E-10   29.5360661    
   230.00000000000000        231.00000000000000        4.60367605E-10   42.6485634    
   231.00000000000000        232.00000000000000        5.51283630E-10   33.6037521    
   232.00000000000000        233.00000000000000        6.20300922E-10   32.9660263    
   233.00000000000000        234.00000000000000        3.74758252E-10   39.2492294    
   234.00000000000000        235.00000000000000        3.41420031E-10   35.2072639    
   235.00000000000000        236.00000000000000        3.10154097E-10   29.8471413    
   236.00000000000000        237.00000000000000        3.86921495E-10   30.4853535    
   237.00000000000000        238.00000000000000        3.41868173E-10   66.8578339    
   238.00000000000000        239.00000000000000        2.27978844E-10   43.7113876    
   239.00000000000000        240.00000000000000        3.73040598E-10   45.8414421    
   240.00000000000000        241.00000000000000        3.81415732E-10   38.0240784    
   241.00000000000000        242.00000000000000        4.05637801E-10   50.4385452    
   242.00000000000000        243.00000000000000        2.15077248E-10   39.6977501    
   243.00000000000000        244.00000000000000        1.23988431E-10   39.9276161    
   244.00000000000000        245.00000000000000        2.58220473E-10   44.3700600    
   245.00000000000000        246.00000000000000        1.31660058E-10   39.7984734    
   246.00000000000000        247.00000000000000        2.45026888E-10   38.7820549    
   247.00000000000000        248.00000000000000        2.94584607E-10   45.1927528    
   248.00000000000000        249.00000000000000        3.67015196E-10   33.6220131    
   249.00000000000000        250.00000000000000        2.03840569E-10   42.7532616    
   250.00000000000000        251.00000000000000        3.17148946E-10   61.6384277    
   251.00000000000000        252.00000000000000        1.68655617E-10   39.0827141    
   252.00000000000000        253.00000000000000        8.93164764E-10   58.1541710    
   253.00000000000000        254.00000000000000        1.93915259E-10   52.5782661    
   254.00000000000000        255.00000000000000        3.61149444E-10   40.0920029    
   255.00000000000000        256.00000000000000        4.61130828E-10   55.4852409    
   256.00000000000000        257.00000000000000        3.91889160E-10   41.3576164    
   257.00000000000000        258.00000000000000        2.31669448E-10   62.4411697    
   258.00000000000000        259.00000000000000        4.67518635E-10   43.6696320    
   259.00000000000000        260.00000000000000        3.13149395E-10   33.4407959    
   260.00000000000000        261.00000000000000        6.52395860E-10   64.5826492    
   261.00000000000000        262.00000000000000        4.56017252E-10   63.2429008    
   262.00000000000000        263.00000000000000        2.41075826E-10   44.8797722    
   263.00000000000000        263.00000000000000        2.41075826E-10   44.8797722    
