 # Detector n: 1D Projection
   50.000000000000000        51.000000000000000        2.21742175E-06   2.61183333    
   51.000000000000000        52.000000000000000        1.73998137E-06   2.58133030    
   52.000000000000000        53.000000000000000        1.16494493E-06   4.49344444    
   53.000000000000000        54.000000000000000        8.62372076E-07   4.64134693    
   54.000000000000000        55.000000000000000        6.78439392E-07   5.47350979    
   55.000000000000000        56.000000000000000        5.20828735E-07   4.31254578    
   56.000000000000000        57.000000000000000        4.95505390E-07   9.08557796    
   57.000000000000000        58.000000000000000        3.94998239E-07   4.82478380    
   58.000000000000000        59.000000000000000        3.53797333E-07   5.97464275    
   59.000000000000000        60.000000000000000        3.10503253E-07   6.69498014    
   60.000000000000000        61.000000000000000        2.95996671E-07   5.64750338    
   61.000000000000000        62.000000000000000        2.60213625E-07   6.71427393    
   62.000000000000000        63.000000000000000        2.78167818E-07   8.73596668    
   63.000000000000000        64.000000000000000        2.37279295E-07   7.07344437    
   64.000000000000000        65.000000000000000        2.00224022E-07   5.71872425    
   65.000000000000000        66.000000000000000        2.04288156E-07   8.65265083    
   66.000000000000000        67.000000000000000        1.62368863E-07   6.42538166    
   67.000000000000000        68.000000000000000        1.56639729E-07   6.10527563    
   68.000000000000000        69.000000000000000        1.52416192E-07   6.96278191    
   69.000000000000000        70.000000000000000        1.44514971E-07   12.5059977    
   70.000000000000000        71.000000000000000        1.27042611E-07   6.11097908    
   71.000000000000000        72.000000000000000        1.34769635E-07   7.06423235    
   72.000000000000000        73.000000000000000        1.28047603E-07   8.53479099    
   73.000000000000000        74.000000000000000        1.17398208E-07   12.6795750    
   74.000000000000000        75.000000000000000        1.05131875E-07   12.1867056    
   75.000000000000000        76.000000000000000        9.70186846E-08   7.26913643    
   76.000000000000000        77.000000000000000        7.80466038E-08   6.42196321    
   77.000000000000000        78.000000000000000        8.55527560E-08   13.1231947    
   78.000000000000000        79.000000000000000        8.11410317E-08   9.19160652    
   79.000000000000000        80.000000000000000        7.18520141E-08   10.4992342    
   80.000000000000000        81.000000000000000        7.34055803E-08   12.5767260    
   81.000000000000000        82.000000000000000        6.42244729E-08   9.34360886    
   82.000000000000000        83.000000000000000        6.77711327E-08   9.60359192    
   83.000000000000000        84.000000000000000        5.73349652E-08   10.8948975    
   84.000000000000000        85.000000000000000        6.10321607E-08   9.41345024    
   85.000000000000000        86.000000000000000        6.48235172E-08   9.22347450    
   86.000000000000000        87.000000000000000        5.60689699E-08   9.64152908    
   87.000000000000000        88.000000000000000        5.71968890E-08   16.6615696    
   88.000000000000000        89.000000000000000        4.56455957E-08   10.9720926    
   89.000000000000000        90.000000000000000        3.54678349E-08   6.82576656    
   90.000000000000000        91.000000000000000        4.23275104E-08   12.6430483    
   91.000000000000000        92.000000000000000        3.50471154E-08   10.7886209    
   92.000000000000000        93.000000000000000        3.90433996E-08   12.2651854    
   93.000000000000000        94.000000000000000        3.32221894E-08   7.69674492    
   94.000000000000000        95.000000000000000        3.98047071E-08   18.8575783    
   95.000000000000000        96.000000000000000        2.99890743E-08   10.7114019    
   96.000000000000000        97.000000000000000        3.23749312E-08   12.5468864    
   97.000000000000000        98.000000000000000        2.85648483E-08   9.13412094    
   98.000000000000000        99.000000000000000        3.39507480E-08   20.0552635    
   99.000000000000000        100.00000000000000        2.86988868E-08   11.5050611    
   100.00000000000000        101.00000000000000        2.68784017E-08   20.6416836    
   101.00000000000000        102.00000000000000        2.64819651E-08   16.9944592    
   102.00000000000000        103.00000000000000        2.13356195E-08   11.2449713    
   103.00000000000000        104.00000000000000        2.11182041E-08   9.28176022    
   104.00000000000000        105.00000000000000        2.15275637E-08   10.1924028    
   105.00000000000000        106.00000000000000        1.81932283E-08   11.7538261    
   106.00000000000000        107.00000000000000        2.74444645E-08   18.4313679    
   107.00000000000000        108.00000000000000        2.34744562E-08   16.6518612    
   108.00000000000000        109.00000000000000        1.67849343E-08   11.9718800    
   109.00000000000000        110.00000000000000        2.13110773E-08   18.4629383    
   110.00000000000000        111.00000000000000        1.82623445E-08   10.5466213    
   111.00000000000000        112.00000000000000        1.74518213E-08   13.0095053    
   112.00000000000000        113.00000000000000        1.31024027E-08   9.41502571    
   113.00000000000000        114.00000000000000        1.75130879E-08   14.4153786    
   114.00000000000000        115.00000000000000        1.54688653E-08   10.4335070    
   115.00000000000000        116.00000000000000        1.29437243E-08   12.6432600    
   116.00000000000000        117.00000000000000        1.57377293E-08   16.5062733    
   117.00000000000000        118.00000000000000        1.43446393E-08   16.2262115    
   118.00000000000000        119.00000000000000        1.13657359E-08   10.7222195    
   119.00000000000000        120.00000000000000        1.35035005E-08   23.9978638    
   120.00000000000000        121.00000000000000        1.16282761E-08   13.3515730    
   121.00000000000000        122.00000000000000        1.41663996E-08   16.9878006    
   122.00000000000000        123.00000000000000        9.79229053E-09   13.0107822    
   123.00000000000000        124.00000000000000        9.74904868E-09   17.4053631    
   124.00000000000000        125.00000000000000        1.38107970E-08   24.0979729    
   125.00000000000000        126.00000000000000        1.07157474E-08   21.7002506    
   126.00000000000000        127.00000000000000        1.94472562E-08   55.1048737    
   127.00000000000000        128.00000000000000        1.19016308E-08   24.2624493    
   128.00000000000000        129.00000000000000        9.33467614E-09   30.5337639    
   129.00000000000000        130.00000000000000        1.40342404E-08   25.3265858    
   130.00000000000000        131.00000000000000        7.24583638E-09   12.8094778    
   131.00000000000000        132.00000000000000        8.16751022E-09   16.9639111    
   132.00000000000000        133.00000000000000        6.65359057E-09   15.5100737    
   133.00000000000000        134.00000000000000        8.70560068E-09   15.1577559    
   134.00000000000000        135.00000000000000        6.37894182E-09   16.9637413    
   135.00000000000000        136.00000000000000        4.91454166E-09   22.5530109    
   136.00000000000000        137.00000000000000        4.66379735E-09   13.0950689    
   137.00000000000000        138.00000000000000        7.26039229E-09   16.2349815    
   138.00000000000000        139.00000000000000        4.00283762E-09   15.2381601    
   139.00000000000000        140.00000000000000        6.25789998E-09   26.5873871    
   140.00000000000000        141.00000000000000        5.53527757E-09   14.4421816    
   141.00000000000000        142.00000000000000        1.46010963E-08   55.0015793    
   142.00000000000000        143.00000000000000        7.21717042E-09   14.0105724    
   143.00000000000000        144.00000000000000        6.58717836E-09   25.6448002    
   144.00000000000000        145.00000000000000        6.19198515E-09   22.5154839    
   145.00000000000000        146.00000000000000        4.08233358E-09   12.7452488    
   146.00000000000000        147.00000000000000        4.71136774E-09   19.8898182    
   147.00000000000000        148.00000000000000        6.05458395E-09   24.0452805    
   148.00000000000000        149.00000000000000        3.42345818E-09   17.0179310    
   149.00000000000000        150.00000000000000        4.37469527E-09   20.5035133    
   150.00000000000000        151.00000000000000        6.85678492E-09   28.9785271    
   151.00000000000000        152.00000000000000        3.76454423E-09   19.3873672    
   152.00000000000000        153.00000000000000        4.54594806E-09   25.3062820    
   153.00000000000000        154.00000000000000        2.43542120E-09   15.2389584    
   154.00000000000000        155.00000000000000        3.47553475E-09   22.0021667    
   155.00000000000000        156.00000000000000        4.40549375E-09   18.3065376    
   156.00000000000000        157.00000000000000        2.72105027E-09   14.9979057    
   157.00000000000000        158.00000000000000        2.86326163E-09   25.3586540    
   158.00000000000000        159.00000000000000        3.42937767E-09   16.7189922    
   159.00000000000000        160.00000000000000        3.20093108E-09   21.0640717    
   160.00000000000000        161.00000000000000        4.11206003E-09   18.4807987    
   161.00000000000000        162.00000000000000        3.10622483E-09   19.1246052    
   162.00000000000000        163.00000000000000        5.34605071E-09   33.6223373    
   163.00000000000000        164.00000000000000        9.04166253E-09   63.1875801    
   164.00000000000000        165.00000000000000        2.86964119E-09   21.4767132    
   165.00000000000000        166.00000000000000        2.83729440E-09   21.1401844    
   166.00000000000000        167.00000000000000        3.20424398E-09   19.5178547    
   167.00000000000000        168.00000000000000        2.36598030E-09   23.7751045    
   168.00000000000000        169.00000000000000        3.47765283E-09   47.8584633    
   169.00000000000000        170.00000000000000        2.25776131E-09   19.6841145    
   170.00000000000000        171.00000000000000        5.20119103E-09   52.1453934    
   171.00000000000000        172.00000000000000        2.43071741E-09   21.8388939    
   172.00000000000000        173.00000000000000        5.01159425E-09   41.0116539    
   173.00000000000000        174.00000000000000        2.02270689E-09   23.6453018    
   174.00000000000000        175.00000000000000        2.39194176E-09   29.0464020    
   175.00000000000000        176.00000000000000        1.77860915E-09   38.7939568    
   176.00000000000000        177.00000000000000        1.67705927E-09   23.4335518    
   177.00000000000000        178.00000000000000        1.73656767E-09   17.9379463    
   178.00000000000000        179.00000000000000        8.94484986E-10   18.7133999    
   179.00000000000000        180.00000000000000        1.62216651E-09   21.1624165    
   180.00000000000000        181.00000000000000        1.39176293E-09   22.9118042    
   181.00000000000000        182.00000000000000        1.15270082E-09   19.6596260    
   182.00000000000000        183.00000000000000        1.60107827E-09   16.4465256    
   183.00000000000000        184.00000000000000        3.46818552E-09   68.2174072    
   184.00000000000000        185.00000000000000        2.15428830E-09   26.3897858    
   185.00000000000000        186.00000000000000        2.58528310E-09   38.3487053    
   186.00000000000000        187.00000000000000        1.64242142E-09   24.5771370    
   187.00000000000000        188.00000000000000        1.34850886E-09   28.1515503    
   188.00000000000000        189.00000000000000        2.84601476E-09   50.3917351    
   189.00000000000000        190.00000000000000        1.46179713E-09   41.0366058    
   190.00000000000000        191.00000000000000        1.84325910E-09   29.1978092    
   191.00000000000000        192.00000000000000        1.30833067E-09   28.3809338    
   192.00000000000000        193.00000000000000        1.28807032E-09   23.2051373    
   193.00000000000000        194.00000000000000        1.59003832E-09   32.0996780    
   194.00000000000000        195.00000000000000        1.43206680E-09   25.4974060    
   195.00000000000000        196.00000000000000        9.65291291E-10   22.5309296    
   196.00000000000000        197.00000000000000        1.00150988E-09   22.4611778    
   197.00000000000000        198.00000000000000        9.69867631E-10   21.1007805    
   198.00000000000000        199.00000000000000        1.14165621E-09   26.5681419    
   199.00000000000000        200.00000000000000        8.51229365E-10   24.0292053    
   200.00000000000000        201.00000000000000        7.29009964E-10   21.9102745    
   201.00000000000000        202.00000000000000        8.52755810E-10   24.7647514    
   202.00000000000000        203.00000000000000        7.48407170E-10   26.8243141    
   203.00000000000000        204.00000000000000        1.95978522E-09   40.7666855    
   204.00000000000000        205.00000000000000        5.36145239E-10   28.3277302    
   205.00000000000000        206.00000000000000        1.30184274E-09   36.1678658    
   206.00000000000000        207.00000000000000        7.37642059E-10   21.3864956    
   207.00000000000000        208.00000000000000        6.78249179E-10   28.2416496    
   208.00000000000000        209.00000000000000        8.40453040E-10   38.1983833    
   209.00000000000000        210.00000000000000        4.50832593E-10   43.2735596    
   210.00000000000000        211.00000000000000        4.92042096E-09   108.919403    
   211.00000000000000        212.00000000000000        5.66477920E-10   27.6536560    
   212.00000000000000        213.00000000000000        5.80587578E-10   27.8118496    
   213.00000000000000        214.00000000000000        4.92640539E-10   45.2400742    
   214.00000000000000        215.00000000000000        5.05410769E-10   43.8749390    
   215.00000000000000        216.00000000000000        2.98603475E-10   32.1081047    
   216.00000000000000        217.00000000000000        3.60862451E-10   30.0015392    
   217.00000000000000        218.00000000000000        2.73609579E-10   28.7926445    
   218.00000000000000        219.00000000000000        1.83907639E-10   29.5518570    
   219.00000000000000        220.00000000000000        8.92525720E-10   49.8385353    
   220.00000000000000        221.00000000000000        3.67742559E-10   30.9983482    
   221.00000000000000        222.00000000000000        3.41561779E-10   28.6423378    
   222.00000000000000        223.00000000000000        6.70217271E-10   44.1765442    
   223.00000000000000        224.00000000000000        3.62672697E-10   27.1644287    
   224.00000000000000        225.00000000000000        4.38348524E-10   28.2933884    
   225.00000000000000        226.00000000000000        7.53460239E-10   64.9894562    
   226.00000000000000        227.00000000000000        3.60631275E-10   35.8311348    
   227.00000000000000        228.00000000000000        1.50764803E-10   33.9720535    
   228.00000000000000        229.00000000000000        4.82019813E-10   46.1158409    
   229.00000000000000        230.00000000000000        2.63499278E-10   46.1514130    
   230.00000000000000        231.00000000000000        3.99663164E-10   48.8176613    
   231.00000000000000        232.00000000000000        2.45510556E-10   50.6219673    
   232.00000000000000        233.00000000000000        2.77194601E-10   39.3810768    
   233.00000000000000        234.00000000000000        1.91393942E-10   51.7708168    
   234.00000000000000        235.00000000000000        2.99519964E-10   60.0872574    
   235.00000000000000        236.00000000000000        2.57188076E-10   38.2390137    
   236.00000000000000        237.00000000000000        2.97886049E-10   49.0781136    
   237.00000000000000        238.00000000000000        2.22788885E-10   35.5739098    
   238.00000000000000        239.00000000000000        2.83561674E-10   33.3412781    
   239.00000000000000        240.00000000000000        9.62233071E-11   37.7315826    
   240.00000000000000        241.00000000000000        3.92029270E-10   47.4025993    
   241.00000000000000        242.00000000000000        3.74407116E-10   49.8217621    
   242.00000000000000        243.00000000000000        2.83586349E-10   40.7877846    
   243.00000000000000        244.00000000000000        2.97010777E-10   70.2275391    
   244.00000000000000        245.00000000000000        3.17692705E-10   43.8812943    
   245.00000000000000        246.00000000000000        1.07792691E-10   53.5578308    
   246.00000000000000        247.00000000000000        2.52451171E-10   41.8667183    
   247.00000000000000        248.00000000000000        1.21450572E-10   47.5030975    
   248.00000000000000        249.00000000000000        1.95817737E-10   49.6551208    
   249.00000000000000        250.00000000000000        1.89869523E-10   55.5804863    
   250.00000000000000        251.00000000000000        1.12608416E-10   55.1387253    
   251.00000000000000        252.00000000000000        2.68641026E-10   58.8749161    
   252.00000000000000        253.00000000000000        1.32021324E-10   39.0658913    
   253.00000000000000        254.00000000000000        4.72660348E-11   81.0286331    
   254.00000000000000        255.00000000000000        3.91066693E-11   41.7393951    
   255.00000000000000        256.00000000000000        1.68902545E-10   60.4601936    
   256.00000000000000        257.00000000000000        2.10555445E-11   38.9398003    
   257.00000000000000        258.00000000000000        1.75067634E-11   42.9555969    
   258.00000000000000        259.00000000000000        1.28806257E-10   43.2402496    
   259.00000000000000        260.00000000000000        3.72651132E-10   54.9461784    
   260.00000000000000        261.00000000000000        2.54710447E-10   49.3021469    
   261.00000000000000        262.00000000000000        8.36235525E-11   47.7836761    
   262.00000000000000        263.00000000000000        7.31871577E-11   67.0621033    
   263.00000000000000        263.00000000000000        7.31871577E-11   67.0621033    
