 # Detector n: 1D Projection
   53.000000000000000        54.000000000000000        1.94745439E-06   3.60489345    
   54.000000000000000        55.000000000000000        1.75720254E-06   2.06079602    
   55.000000000000000        56.000000000000000        1.09344637E-06   2.95577216    
   56.000000000000000        57.000000000000000        6.82996813E-07   4.27169609    
   57.000000000000000        58.000000000000000        4.86919760E-07   4.24077511    
   58.000000000000000        59.000000000000000        3.72015535E-07   5.86547804    
   59.000000000000000        60.000000000000000        3.56633251E-07   5.70692062    
   60.000000000000000        61.000000000000000        2.76394559E-07   6.24588346    
   61.000000000000000        62.000000000000000        2.89523882E-07   8.76280403    
   62.000000000000000        63.000000000000000        2.33515493E-07   6.84968519    
   63.000000000000000        64.000000000000000        1.92315881E-07   5.88620138    
   64.000000000000000        65.000000000000000        1.58688863E-07   6.35482597    
   65.000000000000000        66.000000000000000        1.63025916E-07   7.39073896    
   66.000000000000000        67.000000000000000        1.31106248E-07   7.25953197    
   67.000000000000000        68.000000000000000        1.30974726E-07   8.08036709    
   68.000000000000000        69.000000000000000        1.31408285E-07   11.1363773    
   69.000000000000000        70.000000000000000        9.75011432E-08   8.07927608    
   70.000000000000000        71.000000000000000        1.01870526E-07   10.1806231    
   71.000000000000000        72.000000000000000        1.07707493E-07   12.2752485    
   72.000000000000000        73.000000000000000        1.02240939E-07   11.1660662    
   73.000000000000000        74.000000000000000        8.05423923E-08   10.6419353    
   74.000000000000000        75.000000000000000        7.82927430E-08   12.6514959    
   75.000000000000000        76.000000000000000        5.54742492E-08   7.37427998    
   76.000000000000000        77.000000000000000        6.82163233E-08   10.4624739    
   77.000000000000000        78.000000000000000        5.66165639E-08   7.44149017    
   78.000000000000000        79.000000000000000        5.33847455E-08   13.8317471    
   79.000000000000000        80.000000000000000        3.82463483E-08   10.3011494    
   80.000000000000000        81.000000000000000        4.72810875E-08   11.0649462    
   81.000000000000000        82.000000000000000        3.82816303E-08   9.28746796    
   82.000000000000000        83.000000000000000        4.16792894E-08   9.11996460    
   83.000000000000000        84.000000000000000        3.18278310E-08   6.76321983    
   84.000000000000000        85.000000000000000        3.47669484E-08   12.2169161    
   85.000000000000000        86.000000000000000        5.21252090E-08   18.6878872    
   86.000000000000000        87.000000000000000        3.11128474E-08   16.1530190    
   87.000000000000000        88.000000000000000        2.94143074E-08   11.3753204    
   88.000000000000000        89.000000000000000        2.70677152E-08   11.8304996    
   89.000000000000000        90.000000000000000        1.99064889E-08   8.73934078    
   90.000000000000000        91.000000000000000        2.68710760E-08   19.9095917    
   91.000000000000000        92.000000000000000        2.66223594E-08   14.5451155    
   92.000000000000000        93.000000000000000        1.85350846E-08   10.9531498    
   93.000000000000000        94.000000000000000        1.66276930E-08   10.1979790    
   94.000000000000000        95.000000000000000        2.15210996E-08   34.6023026    
   95.000000000000000        96.000000000000000        2.11698499E-08   20.8237724    
   96.000000000000000        97.000000000000000        1.80026571E-08   11.0493441    
   97.000000000000000        98.000000000000000        1.21111583E-08   8.18757057    
   98.000000000000000        99.000000000000000        1.54918443E-08   18.3066044    
   99.000000000000000        100.00000000000000        9.64207914E-09   10.0521040    
   100.00000000000000        101.00000000000000        1.50237103E-08   32.5132599    
   101.00000000000000        102.00000000000000        1.15352847E-08   15.9123096    
   102.00000000000000        103.00000000000000        9.36093958E-09   13.4173174    
   103.00000000000000        104.00000000000000        7.48548779E-09   12.8225060    
   104.00000000000000        105.00000000000000        9.89711690E-09   24.9604168    
   105.00000000000000        106.00000000000000        7.63169972E-09   10.9736071    
   106.00000000000000        107.00000000000000        9.89402960E-09   12.6882668    
   107.00000000000000        108.00000000000000        6.16471008E-09   12.7548370    
   108.00000000000000        109.00000000000000        1.02251905E-08   26.9582596    
   109.00000000000000        110.00000000000000        8.96306496E-09   20.2347851    
   110.00000000000000        111.00000000000000        5.76550274E-09   13.9836149    
   111.00000000000000        112.00000000000000        5.34866729E-09   16.4448338    
   112.00000000000000        113.00000000000000        7.39294670E-09   32.9327393    
   113.00000000000000        114.00000000000000        5.48222934E-09   12.3051434    
   114.00000000000000        115.00000000000000        7.37564054E-09   33.7251740    
   115.00000000000000        116.00000000000000        3.93118249E-09   16.7763748    
   116.00000000000000        117.00000000000000        6.27400976E-09   31.4678345    
   117.00000000000000        118.00000000000000        4.34311254E-09   17.0032177    
   118.00000000000000        119.00000000000000        7.74784148E-09   23.3521843    
   119.00000000000000        120.00000000000000        4.03590716E-09   22.6362400    
   120.00000000000000        121.00000000000000        3.47238127E-09   20.1496525    
   121.00000000000000        122.00000000000000        3.83645471E-09   20.3705788    
   122.00000000000000        123.00000000000000        3.73139697E-09   28.9919071    
   123.00000000000000        124.00000000000000        4.07020373E-09   20.5261135    
   124.00000000000000        125.00000000000000        3.63571062E-09   17.6917648    
   125.00000000000000        126.00000000000000        3.23769189E-09   15.3961868    
   126.00000000000000        127.00000000000000        4.85448437E-09   27.7962112    
   127.00000000000000        128.00000000000000        3.14999471E-09   28.2761421    
   128.00000000000000        129.00000000000000        4.39674341E-09   16.7692089    
   129.00000000000000        130.00000000000000        3.27279515E-09   17.5656319    
   130.00000000000000        131.00000000000000        3.03756664E-09   19.5827866    
   131.00000000000000        132.00000000000000        2.96236968E-09   19.3948822    
   132.00000000000000        133.00000000000000        3.71468900E-09   27.7855091    
   133.00000000000000        134.00000000000000        2.57746846E-09   16.3545761    
   134.00000000000000        135.00000000000000        2.95015679E-09   25.4070511    
   135.00000000000000        136.00000000000000        1.81855386E-09   18.7696323    
   136.00000000000000        137.00000000000000        7.56351248E-09   61.9510117    
   137.00000000000000        138.00000000000000        2.44795451E-09   26.4665985    
   138.00000000000000        139.00000000000000        2.42232745E-09   19.1111546    
   139.00000000000000        140.00000000000000        1.19267951E-09   25.1398506    
   140.00000000000000        141.00000000000000        1.40697876E-09   22.7899170    
   141.00000000000000        142.00000000000000        1.18097554E-09   21.3641605    
   142.00000000000000        143.00000000000000        2.45530152E-09   27.4262257    
   143.00000000000000        144.00000000000000        1.34158040E-09   22.1134186    
   144.00000000000000        145.00000000000000        1.54035562E-09   22.3568401    
   145.00000000000000        146.00000000000000        1.63349279E-09   23.9308510    
   146.00000000000000        147.00000000000000        1.55298685E-09   21.2427044    
   147.00000000000000        148.00000000000000        1.63162694E-09   28.1695805    
   148.00000000000000        149.00000000000000        1.08786846E-09   27.0188847    
   149.00000000000000        150.00000000000000        1.76155102E-09   31.8803730    
   150.00000000000000        151.00000000000000        1.41497203E-09   36.7363739    
   151.00000000000000        152.00000000000000        1.38709078E-09   26.8919582    
   152.00000000000000        153.00000000000000        1.57203350E-09   51.1039085    
   153.00000000000000        154.00000000000000        1.62047198E-09   24.3560791    
   154.00000000000000        155.00000000000000        1.97761074E-09   58.2793236    
   155.00000000000000        156.00000000000000        1.65029967E-09   26.4257660    
   156.00000000000000        157.00000000000000        9.37162903E-10   25.2392883    
   157.00000000000000        158.00000000000000        1.16203469E-09   29.7401600    
   158.00000000000000        159.00000000000000        8.32711122E-10   31.4156952    
   159.00000000000000        160.00000000000000        1.06995968E-09   25.4083462    
   160.00000000000000        161.00000000000000        4.45230852E-10   24.2243881    
   161.00000000000000        162.00000000000000        2.23743468E-09   36.2807465    
   162.00000000000000        163.00000000000000        5.73544601E-10   23.5059299    
   163.00000000000000        164.00000000000000        9.37569355E-10   27.5989151    
   164.00000000000000        165.00000000000000        1.20365362E-09   46.5077629    
   165.00000000000000        166.00000000000000        9.23898458E-10   20.8377552    
   166.00000000000000        167.00000000000000        5.66129865E-10   29.7740726    
   167.00000000000000        168.00000000000000        3.64581115E-10   36.8854866    
   168.00000000000000        169.00000000000000        3.91017441E-10   36.5676003    
   169.00000000000000        170.00000000000000        9.93608196E-10   41.2423782    
   170.00000000000000        171.00000000000000        1.26196364E-09   25.0427971    
   171.00000000000000        172.00000000000000        7.86102183E-10   26.1613312    
   172.00000000000000        173.00000000000000        9.08537801E-10   33.1337547    
   173.00000000000000        174.00000000000000        7.85383814E-10   29.1298237    
   174.00000000000000        175.00000000000000        8.97469710E-10   27.4688206    
   175.00000000000000        176.00000000000000        5.70458347E-10   30.0956192    
   176.00000000000000        177.00000000000000        6.44452769E-10   39.8659172    
   177.00000000000000        178.00000000000000        4.24953239E-10   32.8323669    
   178.00000000000000        179.00000000000000        6.39151454E-10   50.2062569    
   179.00000000000000        180.00000000000000        9.83981008E-10   39.1925964    
   180.00000000000000        181.00000000000000        7.76831099E-10   48.3460884    
   181.00000000000000        182.00000000000000        5.86050597E-10   35.1304321    
   182.00000000000000        183.00000000000000        3.15902948E-09   103.659485    
   183.00000000000000        184.00000000000000        6.53966103E-10   32.5644951    
   184.00000000000000        185.00000000000000        9.14040399E-10   39.3817520    
   185.00000000000000        186.00000000000000        3.28198357E-10   30.7005520    
   186.00000000000000        187.00000000000000        3.51233576E-09   65.9290390    
   187.00000000000000        188.00000000000000        2.90635871E-09   70.6781464    
   188.00000000000000        189.00000000000000        5.70418823E-10   38.0323410    
   189.00000000000000        190.00000000000000        3.17994409E-10   43.5318146    
   190.00000000000000        191.00000000000000        1.49555768E-09   89.9864807    
   191.00000000000000        192.00000000000000        3.46591839E-10   35.5761185    
   192.00000000000000        193.00000000000000        5.15454901E-10   37.6347275    
   193.00000000000000        194.00000000000000        5.09551901E-10   42.8020325    
   194.00000000000000        195.00000000000000        3.35067168E-10   41.5832596    
   195.00000000000000        196.00000000000000        2.32532230E-10   40.4236679    
   196.00000000000000        197.00000000000000        5.64022828E-10   30.7273979    
   197.00000000000000        198.00000000000000        2.95859198E-10   31.9706383    
   198.00000000000000        199.00000000000000        4.47290927E-10   56.6932907    
   199.00000000000000        200.00000000000000        2.44942844E-10   35.5590363    
   200.00000000000000        201.00000000000000        1.51194501E-10   48.1256714    
   201.00000000000000        202.00000000000000        3.77810644E-10   46.2745972    
   202.00000000000000        203.00000000000000        3.50337870E-10   56.8859215    
   203.00000000000000        204.00000000000000        4.46333026E-10   32.1918526    
   204.00000000000000        205.00000000000000        3.73878789E-10   39.5045128    
   205.00000000000000        206.00000000000000        4.12577439E-09   81.1253967    
   206.00000000000000        207.00000000000000        4.89743801E-11   44.7305756    
   207.00000000000000        208.00000000000000        2.68563033E-10   39.1730232    
   208.00000000000000        209.00000000000000        2.97953301E-10   29.2040100    
   209.00000000000000        210.00000000000000        4.25612157E-10   38.3185692    
   210.00000000000000        211.00000000000000        1.00133853E-10   49.3443985    
   211.00000000000000        212.00000000000000        4.84314311E-10   59.5422325    
   212.00000000000000        213.00000000000000        1.76264114E-10   36.8259354    
   213.00000000000000        214.00000000000000        2.81840551E-10   38.1474533    
   214.00000000000000        215.00000000000000        2.55118648E-10   39.1113586    
   215.00000000000000        216.00000000000000        1.73039028E-10   48.4926682    
   216.00000000000000        217.00000000000000        3.09602705E-10   54.6736069    
   217.00000000000000        218.00000000000000        1.87569960E-10   38.2435112    
   218.00000000000000        219.00000000000000        4.97657637E-10   43.2563362    
   219.00000000000000        220.00000000000000        2.47119269E-10   52.8856735    
   220.00000000000000        221.00000000000000        1.95679431E-10   32.2473373    
   221.00000000000000        222.00000000000000        1.31479480E-10   56.4840202    
   222.00000000000000        223.00000000000000        1.37711079E-10   46.4316444    
   223.00000000000000        224.00000000000000        4.24305764E-11   61.6056099    
   224.00000000000000        225.00000000000000        3.74202058E-10   46.2503586    
   225.00000000000000        226.00000000000000        1.91971661E-10   47.3082504    
   226.00000000000000        227.00000000000000        1.16087466E-10   37.6187134    
   227.00000000000000        228.00000000000000        4.86581261E-11   87.6114807    
   228.00000000000000        229.00000000000000        1.07016555E-10   68.0528488    
   229.00000000000000        230.00000000000000        1.30510047E-10   45.8960457    
   230.00000000000000        231.00000000000000        1.60727917E-10   48.5577278    
   231.00000000000000        232.00000000000000        1.07677131E-10   38.9870529    
   232.00000000000000        233.00000000000000        1.04559993E-10   50.8779602    
   233.00000000000000        234.00000000000000        1.03434608E-10   50.7590179    
   234.00000000000000        235.00000000000000        1.09776084E-10   46.7425385    
   235.00000000000000        236.00000000000000        1.14169084E-10   57.8916359    
   236.00000000000000        237.00000000000000        8.12802464E-11   71.3449478    
   237.00000000000000        238.00000000000000        2.08335182E-10   54.1186752    
   238.00000000000000        239.00000000000000        1.18140053E-10   60.4557457    
   239.00000000000000        240.00000000000000        7.16362664E-11   86.7101898    
   240.00000000000000        241.00000000000000        2.22633467E-10   49.1270943    
   241.00000000000000        242.00000000000000        2.48925533E-11   75.6035538    
   242.00000000000000        243.00000000000000        1.12794510E-10   50.4614716    
   243.00000000000000        244.00000000000000        1.11548111E-10   61.8960915    
   244.00000000000000        245.00000000000000        6.55382415E-11   69.4790726    
   245.00000000000000        246.00000000000000        1.10821690E-11   62.3138962    
   246.00000000000000        247.00000000000000        2.53890121E-11   55.4208527    
   247.00000000000000        248.00000000000000        2.22075164E-10   73.4412766    
   248.00000000000000        249.00000000000000        6.00924241E-11   50.0039749    
   249.00000000000000        250.00000000000000        2.35049532E-11   54.0483551    
   250.00000000000000        251.00000000000000        5.47476951E-12   70.9300003    
   251.00000000000000        252.00000000000000        1.61162958E-11   94.8743668    
   252.00000000000000        253.00000000000000        7.58038077E-11   66.4181137    
   253.00000000000000        254.00000000000000        3.35944189E-11   61.2289352    
   254.00000000000000        255.00000000000000        1.19494442E-10   53.6048965    
   255.00000000000000        256.00000000000000        7.40259108E-15   71.0887299    
   256.00000000000000        257.00000000000000        1.78688835E-11   120.157036    
   257.00000000000000        258.00000000000000        4.18313162E-11   62.6217918    
   258.00000000000000        259.00000000000000        1.42467552E-10   68.7793045    
   259.00000000000000        260.00000000000000        2.74999357E-10   62.8253593    
   260.00000000000000        261.00000000000000        1.83443427E-10   75.3542786    
   261.00000000000000        262.00000000000000        3.37764761E-10   43.7951889    
   262.00000000000000        263.00000000000000        3.44517713E-11   53.2205467    
   263.00000000000000        263.00000000000000        3.44517713E-11   53.2205467    
