 # Detector n: 1D Projection
   55.000000000000000        56.000000000000000        1.73346086E-06   4.33246088    
   56.000000000000000        57.000000000000000        1.21580365E-06   2.57980323    
   57.000000000000000        58.000000000000000        7.89233866E-07   2.06687832    
   58.000000000000000        59.000000000000000        6.68563757E-07   2.28181386    
   59.000000000000000        60.000000000000000        5.33159493E-07   3.13446307    
   60.000000000000000        61.000000000000000        4.38291437E-07   3.40363646    
   61.000000000000000        62.000000000000000        3.93477620E-07   3.74249148    
   62.000000000000000        63.000000000000000        3.18015083E-07   4.75949144    
   63.000000000000000        64.000000000000000        2.66035244E-07   3.68493724    
   64.000000000000000        65.000000000000000        2.47837022E-07   4.46092939    
   65.000000000000000        66.000000000000000        2.19450769E-07   6.21090126    
   66.000000000000000        67.000000000000000        1.86183840E-07   4.66324806    
   67.000000000000000        68.000000000000000        1.65355530E-07   4.83636904    
   68.000000000000000        69.000000000000000        1.01751858E-07   5.46006060    
   69.000000000000000        70.000000000000000        7.66315438E-08   6.21066761    
   70.000000000000000        71.000000000000000        6.74630769E-08   6.26370478    
   71.000000000000000        72.000000000000000        6.03976957E-08   7.16767216    
   72.000000000000000        73.000000000000000        4.89742185E-08   7.43579865    
   73.000000000000000        74.000000000000000        4.22087609E-08   9.00615501    
   74.000000000000000        75.000000000000000        3.58694194E-08   7.58441162    
   75.000000000000000        76.000000000000000        3.46048949E-08   8.73697472    
   76.000000000000000        77.000000000000000        2.40372806E-08   5.41127300    
   77.000000000000000        78.000000000000000        2.69431659E-08   8.91545486    
   78.000000000000000        79.000000000000000        2.69435390E-08   7.58417082    
   79.000000000000000        80.000000000000000        2.34349429E-08   7.40768099    
   80.000000000000000        81.000000000000000        2.39158915E-08   10.8639212    
   81.000000000000000        82.000000000000000        1.96912602E-08   10.7481995    
   82.000000000000000        83.000000000000000        1.73421135E-08   7.68616486    
   83.000000000000000        84.000000000000000        1.40358773E-08   10.0832376    
   84.000000000000000        85.000000000000000        1.64354397E-08   12.7843618    
   85.000000000000000        86.000000000000000        1.89062774E-08   15.0917816    
   86.000000000000000        87.000000000000000        1.17240662E-08   11.0524960    
   87.000000000000000        88.000000000000000        1.04040927E-08   5.27736044    
   88.000000000000000        89.000000000000000        1.07278995E-08   11.0103931    
   89.000000000000000        90.000000000000000        8.93604923E-09   12.3919697    
   90.000000000000000        91.000000000000000        1.05594031E-08   16.4635143    
   91.000000000000000        92.000000000000000        9.35737710E-09   17.2240334    
   92.000000000000000        93.000000000000000        6.34008002E-09   3.01575136    
   93.000000000000000        94.000000000000000        6.93226676E-09   15.7660646    
   94.000000000000000        95.000000000000000        5.98646066E-09   8.36095428    
   95.000000000000000        96.000000000000000        6.81274281E-09   20.9671516    
   96.000000000000000        97.000000000000000        5.54741320E-09   10.1789150    
   97.000000000000000        98.000000000000000        5.31287991E-09   5.08641577    
   98.000000000000000        99.000000000000000        6.33357455E-09   22.0264759    
   99.000000000000000        100.00000000000000        4.79085083E-09   3.22594762    
   100.00000000000000        101.00000000000000        4.76292072E-09   18.3962440    
   101.00000000000000        102.00000000000000        4.56667415E-09   27.4850101    
   102.00000000000000        103.00000000000000        4.22094137E-09   15.1845846    
   103.00000000000000        104.00000000000000        4.35625802E-09   23.3859444    
   104.00000000000000        105.00000000000000        4.08606571E-09   17.6477280    
   105.00000000000000        106.00000000000000        3.43425666E-09   20.3912525    
   106.00000000000000        107.00000000000000        2.56502508E-09   4.09425926    
   107.00000000000000        108.00000000000000        2.53402321E-09   7.74714518    
   108.00000000000000        109.00000000000000        3.69597264E-09   28.3228359    
   109.00000000000000        110.00000000000000        3.01729153E-09   21.6547985    
   110.00000000000000        111.00000000000000        2.47831333E-09   4.81458473    
   111.00000000000000        112.00000000000000        3.83755383E-09   27.1324577    
   112.00000000000000        113.00000000000000        2.42455256E-09   6.10112286    
   113.00000000000000        114.00000000000000        2.75467027E-09   29.9021492    
   114.00000000000000        115.00000000000000        1.95073513E-09   5.29264307    
   115.00000000000000        116.00000000000000        3.30240346E-09   38.0800667    
   116.00000000000000        117.00000000000000        3.64414898E-09   25.7115479    
   117.00000000000000        118.00000000000000        1.66581171E-09   5.10876608    
   118.00000000000000        119.00000000000000        2.56547628E-09   43.5177269    
   119.00000000000000        120.00000000000000        1.38944989E-09   5.31308556    
   120.00000000000000        121.00000000000000        2.23197283E-09   26.5750313    
   121.00000000000000        122.00000000000000        1.39690293E-09   7.59518051    
   122.00000000000000        123.00000000000000        1.35613909E-09   5.61986732    
   123.00000000000000        124.00000000000000        1.19316046E-09   5.93010569    
   124.00000000000000        125.00000000000000        1.27791600E-09   4.96152735    
   125.00000000000000        126.00000000000000        1.05747289E-09   4.17727995    
   126.00000000000000        127.00000000000000        1.10146270E-09   5.32143974    
   127.00000000000000        128.00000000000000        1.94790339E-09   31.5000496    
   128.00000000000000        129.00000000000000        1.66633540E-09   25.2356377    
   129.00000000000000        130.00000000000000        1.03761777E-09   5.63627291    
   130.00000000000000        131.00000000000000        1.11698961E-09   6.00521851    
   131.00000000000000        132.00000000000000        1.04662090E-09   4.77859211    
   132.00000000000000        133.00000000000000        8.81621942E-10   5.28703737    
   133.00000000000000        134.00000000000000        8.14128931E-10   9.30545139    
   134.00000000000000        135.00000000000000        1.55987945E-09   52.9040756    
   135.00000000000000        136.00000000000000        1.53560442E-09   45.3844604    
   136.00000000000000        137.00000000000000        9.39431088E-10   6.02996826    
   137.00000000000000        138.00000000000000        9.83629400E-10   5.00934410    
   138.00000000000000        139.00000000000000        1.11829468E-09   5.78889465    
   139.00000000000000        140.00000000000000        8.47268811E-10   4.85666895    
   140.00000000000000        141.00000000000000        7.02630898E-10   8.76438618    
   141.00000000000000        142.00000000000000        7.51414098E-10   5.53040600    
   142.00000000000000        143.00000000000000        7.71112951E-10   7.42592239    
   143.00000000000000        144.00000000000000        1.60945246E-09   60.1262970    
   144.00000000000000        145.00000000000000        1.31306432E-09   10.7117100    
   145.00000000000000        146.00000000000000        1.81838988E-09   34.7498131    
   146.00000000000000        147.00000000000000        1.19548671E-09   36.1429710    
   147.00000000000000        148.00000000000000        6.40393016E-10   6.51334286    
   148.00000000000000        149.00000000000000        5.98813388E-10   7.90205526    
   149.00000000000000        150.00000000000000        5.72053793E-10   5.77137375    
   150.00000000000000        151.00000000000000        4.89609742E-10   8.46970749    
   151.00000000000000        152.00000000000000        4.61282512E-10   5.86219072    
   152.00000000000000        153.00000000000000        4.19553364E-10   7.54375696    
   153.00000000000000        154.00000000000000        4.81390205E-10   8.22319317    
   154.00000000000000        155.00000000000000        4.15000340E-10   9.59565639    
   155.00000000000000        156.00000000000000        4.83605933E-10   6.18896341    
   156.00000000000000        157.00000000000000        4.44562498E-10   4.76505804    
   157.00000000000000        158.00000000000000        4.89188356E-10   5.73868465    
   158.00000000000000        159.00000000000000        5.44120304E-10   6.27354240    
   159.00000000000000        160.00000000000000        4.36774394E-10   6.50104952    
   160.00000000000000        161.00000000000000        3.58101049E-10   7.48860168    
   161.00000000000000        162.00000000000000        4.45381620E-10   8.28956890    
   162.00000000000000        163.00000000000000        4.48731524E-10   7.13039398    
   163.00000000000000        164.00000000000000        4.15878887E-10   8.55071068    
   164.00000000000000        165.00000000000000        4.67535621E-10   9.00677109    
   165.00000000000000        166.00000000000000        4.63847405E-10   8.67808151    
   166.00000000000000        167.00000000000000        4.34185465E-10   10.5590897    
   167.00000000000000        168.00000000000000        3.99212663E-10   6.18657923    
   168.00000000000000        169.00000000000000        3.58317875E-10   5.23679972    
   169.00000000000000        170.00000000000000        4.26890162E-10   5.23554373    
   170.00000000000000        171.00000000000000        4.79561224E-10   7.01686144    
   171.00000000000000        172.00000000000000        2.70466788E-10   6.36708498    
   172.00000000000000        173.00000000000000        2.95583114E-10   10.4973698    
   173.00000000000000        174.00000000000000        2.41442283E-10   5.53536367    
   174.00000000000000        175.00000000000000        3.04243658E-10   6.45788002    
   175.00000000000000        176.00000000000000        2.68128408E-10   8.43814659    
   176.00000000000000        177.00000000000000        2.82146223E-10   8.74156189    
   177.00000000000000        178.00000000000000        3.15693888E-10   12.1277723    
   178.00000000000000        179.00000000000000        3.62016750E-10   13.2638092    
   179.00000000000000        180.00000000000000        2.98361807E-10   10.6394310    
   180.00000000000000        181.00000000000000        2.60198085E-10   10.6332321    
   181.00000000000000        182.00000000000000        2.37771330E-10   5.57547617    
   182.00000000000000        183.00000000000000        3.07967818E-10   8.78593445    
   183.00000000000000        184.00000000000000        7.09252268E-10   41.4898911    
   184.00000000000000        185.00000000000000        2.81705492E-10   9.97852707    
   185.00000000000000        186.00000000000000        3.32036038E-10   9.65811729    
   186.00000000000000        187.00000000000000        3.46289442E-10   10.1298246    
   187.00000000000000        188.00000000000000        2.75210021E-10   6.73289967    
   188.00000000000000        189.00000000000000        2.50587467E-10   7.77856493    
   189.00000000000000        190.00000000000000        3.46541434E-10   9.22059536    
   190.00000000000000        191.00000000000000        2.55766436E-10   9.57048035    
   191.00000000000000        192.00000000000000        2.41876963E-10   8.86955357    
   192.00000000000000        193.00000000000000        1.65487443E-10   9.62568665    
   193.00000000000000        194.00000000000000        1.59625785E-10   7.07921314    
   194.00000000000000        195.00000000000000        2.00280292E-10   6.83785248    
   195.00000000000000        196.00000000000000        2.40222564E-10   13.7183695    
   196.00000000000000        197.00000000000000        2.28969857E-10   13.1732807    
   197.00000000000000        198.00000000000000        1.73261377E-10   9.52129459    
   198.00000000000000        199.00000000000000        8.89911339E-11   13.4047318    
   199.00000000000000        200.00000000000000        6.35568709E-10   67.8133545    
   200.00000000000000        201.00000000000000        7.41637196E-10   85.7132034    
   201.00000000000000        202.00000000000000        2.13841542E-10   6.94091845    
   202.00000000000000        203.00000000000000        1.67065889E-10   12.9264565    
   203.00000000000000        204.00000000000000        1.45145618E-10   9.77331257    
   204.00000000000000        205.00000000000000        9.03252403E-11   9.94346333    
   205.00000000000000        206.00000000000000        1.04036550E-10   15.3235941    
   206.00000000000000        207.00000000000000        8.50969087E-11   11.7639885    
   207.00000000000000        208.00000000000000        2.09342543E-10   11.8983459    
   208.00000000000000        209.00000000000000        1.56177238E-10   9.21877098    
   209.00000000000000        210.00000000000000        1.21247803E-10   13.2710857    
   210.00000000000000        211.00000000000000        8.63204022E-11   11.7344980    
   211.00000000000000        212.00000000000000        1.25106953E-10   11.1938677    
   212.00000000000000        213.00000000000000        1.40448569E-10   15.1043234    
   213.00000000000000        214.00000000000000        1.85985449E-10   7.87379313    
   214.00000000000000        215.00000000000000        1.05197226E-10   16.1201496    
   215.00000000000000        216.00000000000000        1.60399041E-10   16.2147732    
   216.00000000000000        217.00000000000000        1.36838707E-10   9.33424568    
   217.00000000000000        218.00000000000000        9.72223066E-11   11.2277317    
   218.00000000000000        219.00000000000000        1.05762010E-10   9.70590305    
   219.00000000000000        220.00000000000000        9.75078004E-11   20.6985359    
   220.00000000000000        221.00000000000000        1.10602874E-10   16.8890858    
   221.00000000000000        222.00000000000000        1.45508605E-10   12.4856968    
   222.00000000000000        223.00000000000000        1.36229514E-10   16.6276894    
   223.00000000000000        224.00000000000000        8.58266236E-11   7.32359600    
   224.00000000000000        225.00000000000000        8.33762434E-11   11.7199717    
   225.00000000000000        226.00000000000000        6.39766226E-11   14.1409311    
   226.00000000000000        227.00000000000000        5.34391420E-11   10.0599937    
   227.00000000000000        228.00000000000000        1.09579998E-10   17.6478500    
   228.00000000000000        229.00000000000000        9.41126760E-11   22.1080761    
   229.00000000000000        230.00000000000000        5.73373120E-11   8.48815250    
   230.00000000000000        231.00000000000000        7.29451846E-11   11.7153921    
   231.00000000000000        232.00000000000000        5.50024019E-11   8.99439049    
   232.00000000000000        233.00000000000000        6.32353614E-11   11.8735428    
   233.00000000000000        234.00000000000000        8.60345337E-11   7.05942869    
   234.00000000000000        235.00000000000000        4.49324015E-11   9.27129173    
   235.00000000000000        236.00000000000000        6.09448811E-11   15.5529385    
   236.00000000000000        237.00000000000000        8.45513728E-11   15.3972101    
   237.00000000000000        238.00000000000000        8.89002622E-11   29.5558548    
   238.00000000000000        239.00000000000000        1.15405040E-10   33.3355942    
   239.00000000000000        240.00000000000000        8.25577939E-11   17.1370277    
   240.00000000000000        241.00000000000000        5.58406446E-11   13.0345106    
   241.00000000000000        242.00000000000000        6.68966896E-11   11.7958326    
   242.00000000000000        243.00000000000000        6.94343333E-11   14.2016411    
   243.00000000000000        244.00000000000000        7.35639535E-11   20.4831028    
   244.00000000000000        245.00000000000000        7.01861763E-11   12.6820593    
   245.00000000000000        246.00000000000000        4.85410982E-11   16.6769810    
   246.00000000000000        247.00000000000000        3.78143038E-11   10.4375687    
   247.00000000000000        248.00000000000000        4.62107505E-11   19.4681244    
   248.00000000000000        249.00000000000000        4.58382637E-11   12.3153915    
   249.00000000000000        250.00000000000000        2.69517100E-11   13.4101944    
   250.00000000000000        251.00000000000000        3.92340570E-11   13.6109619    
   251.00000000000000        252.00000000000000        6.20414276E-11   8.93364716    
   252.00000000000000        253.00000000000000        8.44864734E-11   14.9940577    
   253.00000000000000        254.00000000000000        5.14611305E-11   10.6132202    
   254.00000000000000        255.00000000000000        5.56792425E-11   13.5992851    
   255.00000000000000        256.00000000000000        5.23518034E-11   14.7503557    
   256.00000000000000        257.00000000000000        4.30731145E-11   10.0277519    
   257.00000000000000        258.00000000000000        6.55323643E-11   13.4020891    
   258.00000000000000        259.00000000000000        8.56019353E-11   15.8696470    
   259.00000000000000        260.00000000000000        1.30205069E-10   15.0179129    
   260.00000000000000        261.00000000000000        1.07339929E-10   24.5906754    
   261.00000000000000        262.00000000000000        1.18455148E-10   12.5615225    
   262.00000000000000        263.00000000000000        8.92489277E-11   9.36223984    
   263.00000000000000        263.00000000000000        8.92489277E-11   9.36223984    
