 # Detector n: 1D Projection
   44.000000000000000        45.000000000000000        3.71159581E-06   2.54641843    
   45.000000000000000        46.000000000000000        3.20516392E-06   2.31947374    
   46.000000000000000        47.000000000000000        2.44978401E-06   2.62717986    
   47.000000000000000        48.000000000000000        2.00708905E-06   3.33558726    
   48.000000000000000        49.000000000000000        1.69381872E-06   2.68741703    
   49.000000000000000        50.000000000000000        1.61320793E-06   2.95962310    
   50.000000000000000        51.000000000000000        1.40833242E-06   3.27487516    
   51.000000000000000        52.000000000000000        1.31412321E-06   3.63646102    
   52.000000000000000        53.000000000000000        1.26515135E-06   3.86426926    
   53.000000000000000        54.000000000000000        1.18530215E-06   4.58167887    
   54.000000000000000        55.000000000000000        1.09295775E-06   3.67600799    
   55.000000000000000        56.000000000000000        1.06316918E-06   3.81586552    
   56.000000000000000        57.000000000000000        1.01934222E-06   4.35771179    
   57.000000000000000        58.000000000000000        9.92361834E-07   4.04873466    
   58.000000000000000        59.000000000000000        9.23375922E-07   3.64073396    
   59.000000000000000        60.000000000000000        9.24397398E-07   3.87457347    
   60.000000000000000        61.000000000000000        8.57737973E-07   4.65843248    
   61.000000000000000        62.000000000000000        8.67208144E-07   4.55064583    
   62.000000000000000        63.000000000000000        7.64938250E-07   3.56466246    
   63.000000000000000        64.000000000000000        7.31171838E-07   3.98274183    
   64.000000000000000        65.000000000000000        7.31442924E-07   5.30280209    
   65.000000000000000        66.000000000000000        6.81557196E-07   4.26819134    
   66.000000000000000        67.000000000000000        7.10932568E-07   4.89659214    
   67.000000000000000        68.000000000000000        6.32701813E-07   5.54622173    
   68.000000000000000        69.000000000000000        6.25758844E-07   4.48330593    
   69.000000000000000        70.000000000000000        5.87019599E-07   5.38174343    
   70.000000000000000        71.000000000000000        5.74451008E-07   4.49197102    
   71.000000000000000        72.000000000000000        5.47930597E-07   5.38420343    
   72.000000000000000        73.000000000000000        5.16088107E-07   5.01722717    
   73.000000000000000        74.000000000000000        5.26929739E-07   5.82390738    
   74.000000000000000        75.000000000000000        4.44068831E-07   3.02293849    
   75.000000000000000        76.000000000000000        4.54224562E-07   4.70494652    
   76.000000000000000        77.000000000000000        4.65213873E-07   4.77692080    
   77.000000000000000        78.000000000000000        3.98832810E-07   4.71032906    
   78.000000000000000        79.000000000000000        3.58791851E-07   4.76557493    
   79.000000000000000        80.000000000000000        3.90133721E-07   4.78095484    
   80.000000000000000        81.000000000000000        3.88073545E-07   5.40759611    
   81.000000000000000        82.000000000000000        3.46650211E-07   5.21024227    
   82.000000000000000        83.000000000000000        3.33506819E-07   4.49630642    
   83.000000000000000        84.000000000000000        3.46117389E-07   5.02367783    
   84.000000000000000        85.000000000000000        3.35567734E-07   6.16659880    
   85.000000000000000        86.000000000000000        2.96033534E-07   4.61758423    
   86.000000000000000        87.000000000000000        2.88222992E-07   4.85905313    
   87.000000000000000        88.000000000000000        2.88077047E-07   5.72975874    
   88.000000000000000        89.000000000000000        2.80990321E-07   4.97552633    
   89.000000000000000        90.000000000000000        2.87121964E-07   7.31378031    
   90.000000000000000        91.000000000000000        2.84261148E-07   7.13103724    
   91.000000000000000        92.000000000000000        2.61947520E-07   7.49803019    
   92.000000000000000        93.000000000000000        2.50641051E-07   5.26259422    
   93.000000000000000        94.000000000000000        2.46821145E-07   5.61348915    
   94.000000000000000        95.000000000000000        2.21052844E-07   7.50641060    
   95.000000000000000        96.000000000000000        2.24192277E-07   5.10743761    
   96.000000000000000        97.000000000000000        1.83670664E-07   5.48723221    
   97.000000000000000        98.000000000000000        2.00911785E-07   6.38528538    
   98.000000000000000        99.000000000000000        1.79671275E-07   5.22310591    
   99.000000000000000        100.00000000000000        1.67411471E-07   5.55798101    
   100.00000000000000        101.00000000000000        1.72954742E-07   6.65181637    
   101.00000000000000        102.00000000000000        1.75493170E-07   10.1879168    
   102.00000000000000        103.00000000000000        1.63284170E-07   5.84250164    
   103.00000000000000        104.00000000000000        1.51379126E-07   5.57698345    
   104.00000000000000        105.00000000000000        1.62444721E-07   5.72765160    
   105.00000000000000        106.00000000000000        1.57690067E-07   8.21358299    
   106.00000000000000        107.00000000000000        1.58682610E-07   9.47328568    
   107.00000000000000        108.00000000000000        1.50884290E-07   8.45217896    
   108.00000000000000        109.00000000000000        1.41793620E-07   9.20098495    
   109.00000000000000        110.00000000000000        1.22490334E-07   5.04067516    
   110.00000000000000        111.00000000000000        1.22617905E-07   7.14156055    
   111.00000000000000        112.00000000000000        1.29766818E-07   7.84693956    
   112.00000000000000        113.00000000000000        1.18904730E-07   8.75340080    
   113.00000000000000        114.00000000000000        1.26395875E-07   8.53876877    
   114.00000000000000        115.00000000000000        1.08117142E-07   8.14770889    
   115.00000000000000        116.00000000000000        1.02178994E-07   5.71072197    
   116.00000000000000        117.00000000000000        1.16570433E-07   7.66981554    
   117.00000000000000        118.00000000000000        9.15179541E-08   8.16598415    
   118.00000000000000        119.00000000000000        9.73322116E-08   10.7832861    
   119.00000000000000        120.00000000000000        1.23244959E-07   14.6364269    
   120.00000000000000        121.00000000000000        8.69802079E-08   6.06651258    
   121.00000000000000        122.00000000000000        8.71810144E-08   7.05988836    
   122.00000000000000        123.00000000000000        8.19941377E-08   7.53198051    
   123.00000000000000        124.00000000000000        7.54304637E-08   7.62701797    
   124.00000000000000        125.00000000000000        7.50747517E-08   7.10547543    
   125.00000000000000        126.00000000000000        8.12570349E-08   10.8502398    
   126.00000000000000        127.00000000000000        7.03894898E-08   6.85290241    
   127.00000000000000        128.00000000000000        7.56446070E-08   7.69895315    
   128.00000000000000        129.00000000000000        6.61583144E-08   8.36129951    
   129.00000000000000        130.00000000000000        6.23135108E-08   8.08825016    
   130.00000000000000        131.00000000000000        5.33091011E-08   5.90790749    
   131.00000000000000        132.00000000000000        6.67353035E-08   7.61777925    
   132.00000000000000        133.00000000000000        6.72075018E-08   8.63316441    
   133.00000000000000        134.00000000000000        6.94571725E-08   7.17136955    
   134.00000000000000        135.00000000000000        5.98711978E-08   7.60819530    
   135.00000000000000        136.00000000000000        5.11226048E-08   7.57825089    
   136.00000000000000        137.00000000000000        5.94351022E-08   11.2731476    
   137.00000000000000        138.00000000000000        5.34190896E-08   7.95704222    
   138.00000000000000        139.00000000000000        5.14645784E-08   7.56581640    
   139.00000000000000        140.00000000000000        4.91561032E-08   8.86922646    
   140.00000000000000        141.00000000000000        5.12167766E-08   9.58670902    
   141.00000000000000        142.00000000000000        4.23475832E-08   8.20662975    
   142.00000000000000        143.00000000000000        4.93056618E-08   15.1488037    
   143.00000000000000        144.00000000000000        5.13977376E-08   11.8782148    
   144.00000000000000        145.00000000000000        5.43968284E-08   15.3247967    
   145.00000000000000        146.00000000000000        4.72913619E-08   17.5797157    
   146.00000000000000        147.00000000000000        3.70174611E-08   7.75240660    
   147.00000000000000        148.00000000000000        4.43507204E-08   8.48273277    
   148.00000000000000        149.00000000000000        4.97211694E-08   12.0437222    
   149.00000000000000        150.00000000000000        4.34023839E-08   15.8062744    
   150.00000000000000        151.00000000000000        4.34570460E-08   11.7106590    
   151.00000000000000        152.00000000000000        3.90807813E-08   16.7439365    
   152.00000000000000        153.00000000000000        2.87127371E-08   8.42696285    
   153.00000000000000        154.00000000000000        2.73149130E-08   6.89909744    
   154.00000000000000        155.00000000000000        3.22636886E-08   9.20647430    
   155.00000000000000        156.00000000000000        2.77220593E-08   10.0727425    
   156.00000000000000        157.00000000000000        3.08194714E-08   11.2456713    
   157.00000000000000        158.00000000000000        4.75739057E-08   17.4030819    
   158.00000000000000        159.00000000000000        2.68119482E-08   9.45429134    
   159.00000000000000        160.00000000000000        3.26062697E-08   14.7901373    
   160.00000000000000        161.00000000000000        2.85925701E-08   8.37058067    
   161.00000000000000        162.00000000000000        2.58688448E-08   8.09170341    
   162.00000000000000        163.00000000000000        3.77524891E-08   27.7996025    
   163.00000000000000        164.00000000000000        3.18799636E-08   13.4318638    
   164.00000000000000        165.00000000000000        2.81941528E-08   11.9700232    
   165.00000000000000        166.00000000000000        2.16730314E-08   8.17975044    
   166.00000000000000        167.00000000000000        2.87881097E-08   26.6580067    
   167.00000000000000        168.00000000000000        1.98876524E-08   8.78103924    
   168.00000000000000        169.00000000000000        2.41927971E-08   11.6156216    
   169.00000000000000        170.00000000000000        1.94487093E-08   10.6136627    
   170.00000000000000        171.00000000000000        1.65185412E-08   7.14087725    
   171.00000000000000        172.00000000000000        2.77344974E-08   15.8160534    
   172.00000000000000        173.00000000000000        2.00370209E-08   16.9536686    
   173.00000000000000        174.00000000000000        2.49994176E-08   14.8848963    
   174.00000000000000        175.00000000000000        2.06914965E-08   14.3985643    
   175.00000000000000        176.00000000000000        1.70249965E-08   8.71442318    
   176.00000000000000        177.00000000000000        1.59577649E-08   8.22252369    
   177.00000000000000        178.00000000000000        1.69307874E-08   10.3907032    
   178.00000000000000        179.00000000000000        2.09953299E-08   21.0888252    
   179.00000000000000        180.00000000000000        1.56366831E-08   14.3160324    
   180.00000000000000        181.00000000000000        2.39439171E-08   15.9131584    
   181.00000000000000        182.00000000000000        1.85710842E-08   19.1874218    
   182.00000000000000        183.00000000000000        1.49232449E-08   18.8946896    
   183.00000000000000        184.00000000000000        1.42890597E-08   10.9985781    
   184.00000000000000        185.00000000000000        1.35250593E-08   16.9190979    
   185.00000000000000        186.00000000000000        1.64589977E-08   18.3747997    
   186.00000000000000        187.00000000000000        1.21759625E-08   10.4251337    
   187.00000000000000        188.00000000000000        1.58070605E-08   15.4817533    
   188.00000000000000        189.00000000000000        1.63054974E-08   18.1820698    
   189.00000000000000        190.00000000000000        1.24128032E-08   20.7310028    
   190.00000000000000        191.00000000000000        1.03332924E-08   9.88653183    
   191.00000000000000        192.00000000000000        1.09446310E-08   16.5805435    
   192.00000000000000        193.00000000000000        9.84006121E-09   10.8246107    
   193.00000000000000        194.00000000000000        1.91356992E-08   61.1410980    
   194.00000000000000        195.00000000000000        1.02863877E-08   11.6769857    
   195.00000000000000        196.00000000000000        1.11333165E-08   13.7777834    
   196.00000000000000        197.00000000000000        9.54544888E-09   12.9178104    
   197.00000000000000        198.00000000000000        1.04295736E-08   18.7685471    
   198.00000000000000        199.00000000000000        7.31371541E-09   13.3989620    
   199.00000000000000        200.00000000000000        9.39138012E-09   17.1437912    
   200.00000000000000        201.00000000000000        6.55649268E-09   19.2679577    
   201.00000000000000        202.00000000000000        6.48705401E-09   11.0800858    
   202.00000000000000        203.00000000000000        6.14869000E-09   11.0267057    
   203.00000000000000        204.00000000000000        6.35713882E-09   12.9276190    
   204.00000000000000        205.00000000000000        6.79455914E-09   11.7562752    
   205.00000000000000        206.00000000000000        6.33014308E-09   11.6557989    
   206.00000000000000        207.00000000000000        7.02387704E-09   17.6419277    
   207.00000000000000        208.00000000000000        7.11471548E-09   16.8976955    
   208.00000000000000        209.00000000000000        5.40710721E-09   18.0355034    
   209.00000000000000        210.00000000000000        7.69431185E-09   32.7328796    
   210.00000000000000        211.00000000000000        7.54952456E-09   19.8575706    
   211.00000000000000        212.00000000000000        5.89396310E-09   31.3719864    
   212.00000000000000        213.00000000000000        4.87991469E-09   14.6171465    
   213.00000000000000        214.00000000000000        5.18065413E-09   16.1728821    
   214.00000000000000        215.00000000000000        5.06792031E-09   18.7695255    
   215.00000000000000        216.00000000000000        6.39421449E-09   20.4969654    
   216.00000000000000        217.00000000000000        5.91843818E-09   30.6033230    
   217.00000000000000        218.00000000000000        5.57239810E-09   18.7280502    
   218.00000000000000        219.00000000000000        4.38257475E-09   15.3708143    
   219.00000000000000        220.00000000000000        3.72196762E-09   19.6109200    
   220.00000000000000        221.00000000000000        3.40762285E-09   16.5968342    
   221.00000000000000        222.00000000000000        3.50624885E-09   20.8217773    
   222.00000000000000        223.00000000000000        3.40724249E-09   19.7584953    
   223.00000000000000        224.00000000000000        3.97628641E-09   15.3610888    
   224.00000000000000        225.00000000000000        3.30386540E-09   16.0694981    
   225.00000000000000        226.00000000000000        3.81513310E-09   22.8648911    
   226.00000000000000        227.00000000000000        3.59004870E-09   17.4244461    
   227.00000000000000        228.00000000000000        6.14440632E-09   23.1925812    
   228.00000000000000        229.00000000000000        4.05847400E-09   18.8000584    
   229.00000000000000        230.00000000000000        3.19454063E-09   17.7417965    
   230.00000000000000        231.00000000000000        2.00658801E-09   17.4081573    
   231.00000000000000        232.00000000000000        2.60496202E-09   18.9675770    
   232.00000000000000        233.00000000000000        3.25053517E-09   27.2730713    
   233.00000000000000        234.00000000000000        3.66209574E-09   24.2147655    
   234.00000000000000        235.00000000000000        2.89185653E-09   15.8843966    
   235.00000000000000        236.00000000000000        2.45430498E-09   17.8515053    
   236.00000000000000        237.00000000000000        3.05162162E-09   21.6886692    
   237.00000000000000        238.00000000000000        3.08649195E-09   57.0222549    
   238.00000000000000        239.00000000000000        2.35597031E-09   16.3099422    
   239.00000000000000        240.00000000000000        1.80162851E-09   16.4782944    
   240.00000000000000        241.00000000000000        3.23039395E-09   28.2158127    
   241.00000000000000        242.00000000000000        2.47113219E-09   15.0853395    
   242.00000000000000        243.00000000000000        7.49785301E-09   60.9738960    
   243.00000000000000        244.00000000000000        4.72206807E-09   44.0185852    
   244.00000000000000        245.00000000000000        2.03291339E-09   17.2113304    
   245.00000000000000        246.00000000000000        2.28632335E-09   17.2077484    
   246.00000000000000        247.00000000000000        2.24907248E-09   16.9743481    
   247.00000000000000        248.00000000000000        1.66337599E-09   19.0923100    
   248.00000000000000        249.00000000000000        1.45696455E-09   19.0029278    
   249.00000000000000        250.00000000000000        1.45397483E-09   20.0520592    
   250.00000000000000        250.00000000000000        1.45397483E-09   20.0520592    
