 # Detector n: 1D Projection
   40.000000000000000        41.000000000000000        1.04282908E-05   1.17140734    
   41.000000000000000        42.000000000000000        9.60133912E-06   1.48812985    
   42.000000000000000        43.000000000000000        7.81086874E-06   1.51866901    
   43.000000000000000        44.000000000000000        5.79046991E-06   1.86675620    
   44.000000000000000        45.000000000000000        4.96109578E-06   1.68855250    
   45.000000000000000        46.000000000000000        4.61497802E-06   2.27176094    
   46.000000000000000        47.000000000000000        4.25336975E-06   2.06189442    
   47.000000000000000        48.000000000000000        4.04476987E-06   2.29411387    
   48.000000000000000        49.000000000000000        3.71692727E-06   2.09012747    
   49.000000000000000        50.000000000000000        3.26905615E-06   2.06374359    
   50.000000000000000        51.000000000000000        3.31574688E-06   2.80832195    
   51.000000000000000        52.000000000000000        3.23601762E-06   2.65994024    
   52.000000000000000        53.000000000000000        2.97711517E-06   2.37553525    
   53.000000000000000        54.000000000000000        2.78382413E-06   2.16604066    
   54.000000000000000        55.000000000000000        2.63618608E-06   2.44757390    
   55.000000000000000        56.000000000000000        2.67061387E-06   2.78301883    
   56.000000000000000        57.000000000000000        2.52798645E-06   3.07976532    
   57.000000000000000        58.000000000000000        2.40213171E-06   2.51003385    
   58.000000000000000        59.000000000000000        2.25512576E-06   2.65549350    
   59.000000000000000        60.000000000000000        2.10817416E-06   2.17676854    
   60.000000000000000        61.000000000000000        2.13595331E-06   2.68266726    
   61.000000000000000        62.000000000000000        2.03626064E-06   2.74375343    
   62.000000000000000        63.000000000000000        1.97414897E-06   3.07760406    
   63.000000000000000        64.000000000000000        1.99385931E-06   3.04206824    
   64.000000000000000        65.000000000000000        1.98350222E-06   3.40529466    
   65.000000000000000        66.000000000000000        1.72072714E-06   3.26209116    
   66.000000000000000        67.000000000000000        1.76770470E-06   2.89151692    
   67.000000000000000        68.000000000000000        1.71329293E-06   3.13993502    
   68.000000000000000        69.000000000000000        1.55584667E-06   2.91815448    
   69.000000000000000        70.000000000000000        1.56400426E-06   3.10267091    
   70.000000000000000        71.000000000000000        1.54068846E-06   2.75671124    
   71.000000000000000        72.000000000000000        1.43665306E-06   3.00372934    
   72.000000000000000        73.000000000000000        1.45378579E-06   3.35395408    
   73.000000000000000        74.000000000000000        1.39198244E-06   3.13423800    
   74.000000000000000        75.000000000000000        1.30844694E-06   3.02104473    
   75.000000000000000        76.000000000000000        1.30502838E-06   2.85218787    
   76.000000000000000        77.000000000000000        1.19848164E-06   2.88183308    
   77.000000000000000        78.000000000000000        1.17334150E-06   3.36093450    
   78.000000000000000        79.000000000000000        1.16185288E-06   2.92651772    
   79.000000000000000        80.000000000000000        1.16801016E-06   3.95128131    
   80.000000000000000        81.000000000000000        1.11100371E-06   3.99739218    
   81.000000000000000        82.000000000000000        1.07419896E-06   3.32268405    
   82.000000000000000        83.000000000000000        1.01326475E-06   3.27091002    
   83.000000000000000        84.000000000000000        9.87117687E-07   3.70318961    
   84.000000000000000        85.000000000000000        9.28567033E-07   3.49677753    
   85.000000000000000        86.000000000000000        9.02644615E-07   4.14078999    
   86.000000000000000        87.000000000000000        9.90998728E-07   3.84873748    
   87.000000000000000        88.000000000000000        8.25334325E-07   3.54710221    
   88.000000000000000        89.000000000000000        8.44301837E-07   3.53492951    
   89.000000000000000        90.000000000000000        8.31439991E-07   3.73513985    
   90.000000000000000        91.000000000000000        8.19570801E-07   4.42737722    
   91.000000000000000        92.000000000000000        7.57484827E-07   3.25401640    
   92.000000000000000        93.000000000000000        6.92170943E-07   3.38875723    
   93.000000000000000        94.000000000000000        7.15527563E-07   3.57055736    
   94.000000000000000        95.000000000000000        6.54428845E-07   3.29988742    
   95.000000000000000        96.000000000000000        7.13182374E-07   4.13323212    
   96.000000000000000        97.000000000000000        6.80351377E-07   3.51992917    
   97.000000000000000        98.000000000000000        6.25227926E-07   4.16051292    
   98.000000000000000        99.000000000000000        6.44817078E-07   4.58624840    
   99.000000000000000        100.00000000000000        5.81860490E-07   3.42939377    
   100.00000000000000        101.00000000000000        5.94305902E-07   4.36998701    
   101.00000000000000        102.00000000000000        5.60737249E-07   4.20183420    
   102.00000000000000        103.00000000000000        5.62308799E-07   4.58768368    
   103.00000000000000        104.00000000000000        5.53442192E-07   4.74587488    
   104.00000000000000        105.00000000000000        5.22981736E-07   4.28161049    
   105.00000000000000        106.00000000000000        5.47160141E-07   5.46001625    
   106.00000000000000        107.00000000000000        5.48788080E-07   6.28892851    
   107.00000000000000        108.00000000000000        4.67526888E-07   4.00025511    
   108.00000000000000        109.00000000000000        4.40763870E-07   5.01219893    
   109.00000000000000        110.00000000000000        4.18797015E-07   3.92560959    
   110.00000000000000        111.00000000000000        4.41759056E-07   3.78716731    
   111.00000000000000        112.00000000000000        4.72003421E-07   4.55878878    
   112.00000000000000        113.00000000000000        4.58815748E-07   5.38332224    
   113.00000000000000        114.00000000000000        3.89067537E-07   4.06924915    
   114.00000000000000        115.00000000000000        4.04176575E-07   4.79771709    
   115.00000000000000        116.00000000000000        3.76861635E-07   4.36809254    
   116.00000000000000        117.00000000000000        4.08649896E-07   4.22019720    
   117.00000000000000        118.00000000000000        3.69746488E-07   4.55887270    
   118.00000000000000        119.00000000000000        3.62506853E-07   4.64094257    
   119.00000000000000        120.00000000000000        3.42694250E-07   5.13026619    
   120.00000000000000        121.00000000000000        3.37784655E-07   5.36867619    
   121.00000000000000        122.00000000000000        3.42152163E-07   4.18969631    
   122.00000000000000        123.00000000000000        3.20889001E-07   3.71952772    
   123.00000000000000        124.00000000000000        3.37833683E-07   4.92881489    
   124.00000000000000        125.00000000000000        3.45591332E-07   6.32189751    
   125.00000000000000        126.00000000000000        2.92417695E-07   5.76404381    
   126.00000000000000        127.00000000000000        3.08145303E-07   4.96969652    
   127.00000000000000        128.00000000000000        3.42758710E-07   6.63069916    
   128.00000000000000        129.00000000000000        3.12365813E-07   5.23933315    
   129.00000000000000        130.00000000000000        2.62634870E-07   4.86908865    
   130.00000000000000        131.00000000000000        2.74825965E-07   5.15976191    
   131.00000000000000        132.00000000000000        2.54503959E-07   4.70488167    
   132.00000000000000        133.00000000000000        2.50418452E-07   4.59296799    
   133.00000000000000        134.00000000000000        2.83828570E-07   7.92660809    
   134.00000000000000        135.00000000000000        2.48600514E-07   6.40910196    
   135.00000000000000        136.00000000000000        2.36195163E-07   6.09604359    
   136.00000000000000        137.00000000000000        2.28242158E-07   5.00956011    
   137.00000000000000        138.00000000000000        2.48137184E-07   5.77911854    
   138.00000000000000        139.00000000000000        2.20233076E-07   4.80442095    
   139.00000000000000        140.00000000000000        2.28779854E-07   5.31598949    
   140.00000000000000        141.00000000000000        2.18952508E-07   5.37674665    
   141.00000000000000        142.00000000000000        2.15589537E-07   4.91373205    
   142.00000000000000        143.00000000000000        2.12889361E-07   4.82487440    
   143.00000000000000        144.00000000000000        1.86306565E-07   4.94110012    
   144.00000000000000        145.00000000000000        2.26599909E-07   7.45972538    
   145.00000000000000        146.00000000000000        1.83059186E-07   6.18957901    
   146.00000000000000        147.00000000000000        1.94859354E-07   5.92362833    
   147.00000000000000        148.00000000000000        1.88357319E-07   6.03467655    
   148.00000000000000        149.00000000000000        1.74437076E-07   5.26952171    
   149.00000000000000        150.00000000000000        1.63470446E-07   5.45246983    
   150.00000000000000        151.00000000000000        1.76401173E-07   5.92545033    
   151.00000000000000        152.00000000000000        1.60429607E-07   6.03587532    
   152.00000000000000        153.00000000000000        1.54895659E-07   6.50640488    
   153.00000000000000        154.00000000000000        1.54340526E-07   5.16198874    
   154.00000000000000        155.00000000000000        1.51515422E-07   5.43864870    
   155.00000000000000        156.00000000000000        1.60652846E-07   7.80050468    
   156.00000000000000        157.00000000000000        1.54402258E-07   5.78865194    
   157.00000000000000        158.00000000000000        1.43203664E-07   4.77365255    
   158.00000000000000        159.00000000000000        1.46356513E-07   6.14124441    
   159.00000000000000        160.00000000000000        1.42486513E-07   5.59798050    
   160.00000000000000        161.00000000000000        1.30352646E-07   5.29625082    
   161.00000000000000        162.00000000000000        1.45709933E-07   5.37361240    
   162.00000000000000        163.00000000000000        1.43931359E-07   7.39961052    
   163.00000000000000        164.00000000000000        1.22419365E-07   5.04163694    
   164.00000000000000        165.00000000000000        1.31250275E-07   5.71559954    
   165.00000000000000        166.00000000000000        1.36705552E-07   6.56693554    
   166.00000000000000        167.00000000000000        1.19595740E-07   6.52730370    
   167.00000000000000        168.00000000000000        1.18672837E-07   7.08150482    
   168.00000000000000        169.00000000000000        1.16893155E-07   5.90313578    
   169.00000000000000        170.00000000000000        1.24843950E-07   6.82371426    
   170.00000000000000        171.00000000000000        1.25260641E-07   7.42670679    
   171.00000000000000        172.00000000000000        1.10329609E-07   7.06136608    
   172.00000000000000        173.00000000000000        1.24107999E-07   8.70666695    
   173.00000000000000        174.00000000000000        1.09733335E-07   5.74577045    
   174.00000000000000        175.00000000000000        1.05416063E-07   7.54004097    
   175.00000000000000        176.00000000000000        9.99220759E-08   7.68236351    
   176.00000000000000        177.00000000000000        9.06656084E-08   5.95984173    
   177.00000000000000        178.00000000000000        9.36363236E-08   7.38340759    
   178.00000000000000        179.00000000000000        8.09924074E-08   6.03847170    
   179.00000000000000        180.00000000000000        7.78300944E-08   7.75708103    
   180.00000000000000        181.00000000000000        8.32548821E-08   8.40859127    
   181.00000000000000        182.00000000000000        6.66530937E-08   6.70235538    
   182.00000000000000        183.00000000000000        7.60971872E-08   7.26553345    
   183.00000000000000        184.00000000000000        7.61375958E-08   12.7825994    
   184.00000000000000        185.00000000000000        6.40422897E-08   9.19508553    
   185.00000000000000        186.00000000000000        6.24602592E-08   9.02450848    
   186.00000000000000        187.00000000000000        5.50034116E-08   9.71131420    
   187.00000000000000        188.00000000000000        5.70375391E-08   9.79038239    
   188.00000000000000        189.00000000000000        5.45646230E-08   12.2409258    
   189.00000000000000        190.00000000000000        4.90096497E-08   9.16366291    
   190.00000000000000        191.00000000000000        4.03405203E-08   7.95368338    
   191.00000000000000        192.00000000000000        4.36200231E-08   7.89229488    
   192.00000000000000        193.00000000000000        4.52646525E-08   9.25048256    
   193.00000000000000        194.00000000000000        4.35637588E-08   11.2927752    
   194.00000000000000        195.00000000000000        4.42475034E-08   9.79653931    
   195.00000000000000        196.00000000000000        4.36407035E-08   7.98758173    
   196.00000000000000        197.00000000000000        3.38605766E-08   8.24831200    
   197.00000000000000        198.00000000000000        4.50613022E-08   14.4352379    
   198.00000000000000        199.00000000000000        3.51889966E-08   8.60986710    
   199.00000000000000        200.00000000000000        3.93224830E-08   11.0676031    
   200.00000000000000        200.00000000000000        3.93224830E-08   11.0676031    
