 # Detector n: 1D Projection
   52.000000000000000        53.000000000000000        2.15145815E-06   4.14264822    
   53.000000000000000        54.000000000000000        1.43831096E-06   2.74006939    
   54.000000000000000        55.000000000000000        8.77489128E-07   3.19507456    
   55.000000000000000        56.000000000000000        6.88193836E-07   5.12364626    
   56.000000000000000        57.000000000000000        5.38266931E-07   6.33056021    
   57.000000000000000        58.000000000000000        4.24390009E-07   5.88428259    
   58.000000000000000        59.000000000000000        3.34581301E-07   6.34986591    
   59.000000000000000        60.000000000000000        3.13845050E-07   6.42222452    
   60.000000000000000        61.000000000000000        2.85087168E-07   6.81901407    
   61.000000000000000        62.000000000000000        2.29553365E-07   4.68924999    
   62.000000000000000        63.000000000000000        2.21070309E-07   10.4538765    
   63.000000000000000        64.000000000000000        1.98249595E-07   11.2481623    
   64.000000000000000        65.000000000000000        1.93928003E-07   6.54267883    
   65.000000000000000        66.000000000000000        1.55263123E-07   7.81877851    
   66.000000000000000        67.000000000000000        1.41475070E-07   9.93451118    
   67.000000000000000        68.000000000000000        1.25373731E-07   6.37776423    
   68.000000000000000        69.000000000000000        1.35496450E-07   10.6753750    
   69.000000000000000        70.000000000000000        1.17719637E-07   6.61588240    
   70.000000000000000        71.000000000000000        1.21817507E-07   8.78838348    
   71.000000000000000        72.000000000000000        1.01015416E-07   6.14233780    
   72.000000000000000        73.000000000000000        9.94685365E-08   8.74718666    
   73.000000000000000        74.000000000000000        7.82730609E-08   7.05775690    
   74.000000000000000        75.000000000000000        8.40294021E-08   9.02716255    
   75.000000000000000        76.000000000000000        7.35021075E-08   6.63283253    
   76.000000000000000        77.000000000000000        8.29657054E-08   15.2468662    
   77.000000000000000        78.000000000000000        6.72015545E-08   9.73181057    
   78.000000000000000        79.000000000000000        6.53364367E-08   19.5058594    
   79.000000000000000        80.000000000000000        5.41018963E-08   9.91580009    
   80.000000000000000        81.000000000000000        6.26980636E-08   11.1947689    
   81.000000000000000        82.000000000000000        6.48106777E-08   13.8355885    
   82.000000000000000        83.000000000000000        5.09361975E-08   18.6318588    
   83.000000000000000        84.000000000000000        3.97393336E-08   7.79499435    
   84.000000000000000        85.000000000000000        4.00876523E-08   6.40354443    
   85.000000000000000        86.000000000000000        4.05043323E-08   9.34699345    
   86.000000000000000        87.000000000000000        3.35272574E-08   8.44190121    
   87.000000000000000        88.000000000000000        3.66415485E-08   17.4019222    
   88.000000000000000        89.000000000000000        2.79106427E-08   8.66039371    
   89.000000000000000        90.000000000000000        3.20406457E-08   10.8223419    
   90.000000000000000        91.000000000000000        3.94136492E-08   16.8098621    
   91.000000000000000        92.000000000000000        3.60771892E-08   16.0210724    
   92.000000000000000        93.000000000000000        2.72514953E-08   21.4491749    
   93.000000000000000        94.000000000000000        2.14846683E-08   12.0059824    
   94.000000000000000        95.000000000000000        2.04921182E-08   10.6566801    
   95.000000000000000        96.000000000000000        2.02166319E-08   9.70251083    
   96.000000000000000        97.000000000000000        1.66773297E-08   9.45902157    
   97.000000000000000        98.000000000000000        2.39443114E-08   9.44241333    
   98.000000000000000        99.000000000000000        2.01765165E-08   13.4681959    
   99.000000000000000        100.00000000000000        1.43198164E-08   9.50555515    
   100.00000000000000        101.00000000000000        1.38827119E-08   13.4008274    
   101.00000000000000        102.00000000000000        2.27412293E-08   19.1000767    
   102.00000000000000        103.00000000000000        2.06962572E-08   22.8881969    
   103.00000000000000        104.00000000000000        2.33397230E-08   22.9921074    
   104.00000000000000        105.00000000000000        1.83810229E-08   29.8957291    
   105.00000000000000        106.00000000000000        1.64561964E-08   16.2623100    
   106.00000000000000        107.00000000000000        1.34844873E-08   15.1246147    
   107.00000000000000        108.00000000000000        1.04208819E-08   12.3745031    
   108.00000000000000        109.00000000000000        1.91966443E-08   21.2617378    
   109.00000000000000        110.00000000000000        1.26129516E-08   20.6780014    
   110.00000000000000        111.00000000000000        1.91414937E-08   42.2558365    
   111.00000000000000        112.00000000000000        1.20981962E-08   16.1317749    
   112.00000000000000        113.00000000000000        9.59616564E-09   14.6153078    
   113.00000000000000        114.00000000000000        1.27430777E-08   23.4517441    
   114.00000000000000        115.00000000000000        1.08113278E-08   18.2472191    
   115.00000000000000        116.00000000000000        7.25564497E-09   14.3772993    
   116.00000000000000        117.00000000000000        6.91439395E-09   15.7642126    
   117.00000000000000        118.00000000000000        7.37599226E-09   15.6291847    
   118.00000000000000        119.00000000000000        6.50696919E-09   14.0518341    
   119.00000000000000        120.00000000000000        6.03363803E-09   13.5367813    
   120.00000000000000        121.00000000000000        6.38620357E-09   17.9599533    
   121.00000000000000        122.00000000000000        7.38459782E-09   13.8568058    
   122.00000000000000        123.00000000000000        4.73847495E-09   19.3299904    
   123.00000000000000        124.00000000000000        5.49034640E-09   20.8673859    
   124.00000000000000        125.00000000000000        1.57348161E-08   51.9993439    
   125.00000000000000        126.00000000000000        6.88569113E-09   22.3089027    
   126.00000000000000        127.00000000000000        1.02696260E-08   53.0219193    
   127.00000000000000        128.00000000000000        7.21703319E-09   25.8037472    
   128.00000000000000        129.00000000000000        5.25127097E-09   26.3562431    
   129.00000000000000        130.00000000000000        6.26424423E-09   25.1136990    
   130.00000000000000        131.00000000000000        3.07610204E-09   14.0989599    
   131.00000000000000        132.00000000000000        3.67645070E-09   12.8721495    
   132.00000000000000        133.00000000000000        4.91642060E-09   14.4769011    
   133.00000000000000        134.00000000000000        4.90897412E-09   24.2539215    
   134.00000000000000        135.00000000000000        4.81691043E-09   25.1541443    
   135.00000000000000        136.00000000000000        3.52079055E-09   17.4265213    
   136.00000000000000        137.00000000000000        2.77301848E-09   15.6189709    
   137.00000000000000        138.00000000000000        5.08654230E-09   45.1786041    
   138.00000000000000        139.00000000000000        4.31429958E-09   28.3258018    
   139.00000000000000        140.00000000000000        3.40739059E-09   19.0464745    
   140.00000000000000        141.00000000000000        3.47827833E-09   16.5374413    
   141.00000000000000        142.00000000000000        2.48115484E-09   19.2146702    
   142.00000000000000        143.00000000000000        2.72001310E-09   19.3041019    
   143.00000000000000        144.00000000000000        2.90847413E-09   19.7282181    
   144.00000000000000        145.00000000000000        2.93154945E-09   20.6871529    
   145.00000000000000        146.00000000000000        2.42297471E-09   20.6412697    
   146.00000000000000        147.00000000000000        1.85521387E-09   21.1724720    
   147.00000000000000        148.00000000000000        2.58706701E-09   17.9500027    
   148.00000000000000        149.00000000000000        2.22031549E-09   17.8198185    
   149.00000000000000        150.00000000000000        1.83453985E-09   18.8314743    
   150.00000000000000        151.00000000000000        1.94392347E-09   26.7278290    
   151.00000000000000        152.00000000000000        1.98217376E-09   21.8041859    
   152.00000000000000        153.00000000000000        1.53979529E-09   21.7353649    
   153.00000000000000        154.00000000000000        2.43329534E-09   37.7722130    
   154.00000000000000        155.00000000000000        1.51654000E-09   22.2066860    
   155.00000000000000        156.00000000000000        1.46170676E-09   17.1599808    
   156.00000000000000        157.00000000000000        1.73127657E-09   20.0571194    
   157.00000000000000        158.00000000000000        1.93629268E-09   36.2328758    
   158.00000000000000        159.00000000000000        1.67391601E-09   21.1859226    
   159.00000000000000        160.00000000000000        1.61219282E-09   21.8611641    
   160.00000000000000        161.00000000000000        3.17733795E-09   48.2209473    
   161.00000000000000        162.00000000000000        2.12406914E-09   26.1821327    
   162.00000000000000        163.00000000000000        1.50043633E-09   42.2697678    
   163.00000000000000        164.00000000000000        2.86806312E-09   51.8880768    
   164.00000000000000        165.00000000000000        8.60502447E-10   26.0374165    
   165.00000000000000        166.00000000000000        1.63357683E-09   27.6676483    
   166.00000000000000        167.00000000000000        1.28519639E-09   26.5700645    
   167.00000000000000        168.00000000000000        1.74870007E-09   23.6234646    
   168.00000000000000        169.00000000000000        1.28613853E-09   21.5120621    
   169.00000000000000        170.00000000000000        2.05469441E-09   35.3985939    
   170.00000000000000        171.00000000000000        1.38063661E-09   30.8800793    
   171.00000000000000        172.00000000000000        1.69305214E-09   21.1999149    
   172.00000000000000        173.00000000000000        1.55112800E-09   24.1460953    
   173.00000000000000        174.00000000000000        6.91539104E-10   28.8020439    
   174.00000000000000        175.00000000000000        2.60744626E-09   25.4746437    
   175.00000000000000        176.00000000000000        8.83972562E-10   24.3140602    
   176.00000000000000        177.00000000000000        8.55599758E-10   26.8616047    
   177.00000000000000        178.00000000000000        8.03397959E-10   32.3812180    
   178.00000000000000        179.00000000000000        8.54427817E-09   98.5547943    
   179.00000000000000        180.00000000000000        1.30603750E-09   30.5521126    
   180.00000000000000        181.00000000000000        8.38981329E-10   24.1175480    
   181.00000000000000        182.00000000000000        1.32607936E-09   41.0980682    
   182.00000000000000        183.00000000000000        9.66336677E-10   28.2641411    
   183.00000000000000        184.00000000000000        6.98659020E-10   25.7798672    
   184.00000000000000        185.00000000000000        7.97762745E-10   23.3071442    
   185.00000000000000        186.00000000000000        5.06403419E-10   26.5853081    
   186.00000000000000        187.00000000000000        2.10962581E-09   105.132927    
   187.00000000000000        188.00000000000000        1.22962485E-09   27.8727112    
   188.00000000000000        189.00000000000000        5.01507724E-10   31.8259068    
   189.00000000000000        190.00000000000000        8.91954510E-10   32.3072395    
   190.00000000000000        191.00000000000000        6.56701915E-10   28.4808064    
   191.00000000000000        192.00000000000000        5.08402986E-10   32.3927612    
   192.00000000000000        193.00000000000000        4.77106188E-10   25.9102726    
   193.00000000000000        194.00000000000000        5.93332494E-10   40.9691887    
   194.00000000000000        195.00000000000000        1.84084581E-09   35.5024414    
   195.00000000000000        196.00000000000000        7.53895057E-10   23.9292717    
   196.00000000000000        197.00000000000000        9.78578552E-10   41.7795792    
   197.00000000000000        198.00000000000000        7.70914887E-10   67.4922256    
   198.00000000000000        199.00000000000000        6.47348564E-10   30.9264355    
   199.00000000000000        200.00000000000000        4.97707098E-10   59.0284233    
   200.00000000000000        201.00000000000000        6.13381901E-10   26.7602692    
   201.00000000000000        202.00000000000000        4.58337868E-10   26.3685760    
   202.00000000000000        203.00000000000000        5.04784381E-10   29.8861542    
   203.00000000000000        204.00000000000000        6.74486300E-10   31.2690353    
   204.00000000000000        205.00000000000000        2.98847253E-10   44.9048347    
   205.00000000000000        206.00000000000000        2.06949929E-10   35.8492126    
   206.00000000000000        207.00000000000000        4.92902608E-10   38.3870888    
   207.00000000000000        208.00000000000000        7.57211016E-10   28.4319019    
   208.00000000000000        209.00000000000000        5.80257731E-10   35.0736046    
   209.00000000000000        210.00000000000000        4.41829212E-10   29.2417049    
   210.00000000000000        211.00000000000000        2.72914857E-10   29.3288593    
   211.00000000000000        212.00000000000000        2.92112834E-10   31.5600719    
   212.00000000000000        213.00000000000000        5.76336534E-10   49.0161018    
   213.00000000000000        214.00000000000000        3.07691789E-10   50.2140656    
   214.00000000000000        215.00000000000000        4.54439930E-10   73.9931488    
   215.00000000000000        216.00000000000000        3.07598003E-10   39.4127312    
   216.00000000000000        217.00000000000000        3.45345252E-10   52.6316643    
   217.00000000000000        218.00000000000000        1.34437420E-10   36.9646835    
   218.00000000000000        219.00000000000000        9.05093778E-11   36.8954849    
   219.00000000000000        220.00000000000000        3.02405934E-10   45.2713890    
   220.00000000000000        221.00000000000000        2.19000137E-10   31.5830822    
   221.00000000000000        222.00000000000000        4.07466200E-10   38.5862541    
   222.00000000000000        223.00000000000000        3.17388477E-10   36.1401024    
   223.00000000000000        224.00000000000000        1.59362176E-10   37.3664970    
   224.00000000000000        225.00000000000000        7.99764213E-11   32.1501732    
   225.00000000000000        226.00000000000000        1.49399312E-10   33.8742714    
   226.00000000000000        227.00000000000000        2.43217085E-10   29.1882744    
   227.00000000000000        228.00000000000000        7.45189022E-10   50.6970177    
   228.00000000000000        229.00000000000000        2.48388921E-10   38.5984421    
   229.00000000000000        230.00000000000000        5.99009398E-10   58.0242386    
   230.00000000000000        231.00000000000000        2.13759122E-10   80.3247223    
   231.00000000000000        232.00000000000000        1.82639778E-10   42.2608109    
   232.00000000000000        233.00000000000000        3.02818548E-10   43.3018761    
   233.00000000000000        234.00000000000000        8.09625866E-10   103.477142    
   234.00000000000000        235.00000000000000        8.31652802E-10   75.5679398    
   235.00000000000000        236.00000000000000        1.44455037E-09   71.4000931    
   236.00000000000000        237.00000000000000        6.39438502E-11   49.5251465    
   237.00000000000000        238.00000000000000        1.38022926E-10   47.4406586    
   238.00000000000000        239.00000000000000        2.41761416E-10   39.8955574    
   239.00000000000000        240.00000000000000        3.26067784E-10   66.8248215    
   240.00000000000000        241.00000000000000        2.96732994E-09   84.0337219    
   241.00000000000000        242.00000000000000        7.60991756E-11   48.3010941    
   242.00000000000000        243.00000000000000        9.61867461E-11   40.2951164    
   243.00000000000000        244.00000000000000        4.86397693E-11   48.4398117    
   244.00000000000000        245.00000000000000        1.67012321E-10   53.0335007    
   245.00000000000000        246.00000000000000        3.36311274E-13   60.7131958    
   246.00000000000000        247.00000000000000        3.72972590E-11   120.159065    
   247.00000000000000        248.00000000000000        0.00000000       0.00000000    
   248.00000000000000        249.00000000000000        1.94115383E-11   84.7998352    
   249.00000000000000        250.00000000000000        0.00000000       0.00000000    
   250.00000000000000        251.00000000000000        2.16939355E-10   62.8318558    
   251.00000000000000        252.00000000000000        1.68738044E-11   84.7998352    
   252.00000000000000        253.00000000000000        2.57006361E-11   120.159065    
   253.00000000000000        254.00000000000000        0.00000000       0.00000000    
   254.00000000000000        255.00000000000000        8.87947771E-11   56.1643372    
   255.00000000000000        256.00000000000000        5.01406468E-12   120.159065    
   256.00000000000000        257.00000000000000        2.10657238E-11   120.159065    
   257.00000000000000        258.00000000000000        3.31096345E-10   109.102760    
   258.00000000000000        259.00000000000000        0.00000000       0.00000000    
   259.00000000000000        260.00000000000000        6.42816911E-11   88.2474899    
   260.00000000000000        261.00000000000000        3.55992076E-11   60.2936630    
   261.00000000000000        262.00000000000000        2.95765322E-11   106.091347    
   262.00000000000000        263.00000000000000        5.80159913E-11   69.1312332    
   263.00000000000000        263.00000000000000        5.80159913E-11   69.1312332    
