 # Detector n: 1D Projection
   42.000000000000000        43.000000000000000        5.08630910E-06   1.82912314    
   43.000000000000000        44.000000000000000        4.76126161E-06   2.14117980    
   44.000000000000000        45.000000000000000        3.89979186E-06   2.27524018    
   45.000000000000000        46.000000000000000        3.38439463E-06   2.54949737    
   46.000000000000000        47.000000000000000        2.68662166E-06   2.33847213    
   47.000000000000000        48.000000000000000        2.48710967E-06   2.78140545    
   48.000000000000000        49.000000000000000        2.33019205E-06   2.66550231    
   49.000000000000000        50.000000000000000        2.16968760E-06   2.77970314    
   50.000000000000000        51.000000000000000        2.21899791E-06   2.86304116    
   51.000000000000000        52.000000000000000        1.99295118E-06   3.41321278    
   52.000000000000000        53.000000000000000        1.83544296E-06   2.82228661    
   53.000000000000000        54.000000000000000        1.94688164E-06   3.53736496    
   54.000000000000000        55.000000000000000        1.76403967E-06   3.09121084    
   55.000000000000000        56.000000000000000        1.78572429E-06   3.87167978    
   56.000000000000000        57.000000000000000        1.66642053E-06   3.40870953    
   57.000000000000000        58.000000000000000        1.68379052E-06   3.66755915    
   58.000000000000000        59.000000000000000        1.46707828E-06   3.10617566    
   59.000000000000000        60.000000000000000        1.40103396E-06   3.48271656    
   60.000000000000000        61.000000000000000        1.37752033E-06   2.90973496    
   61.000000000000000        62.000000000000000        1.32649734E-06   2.86827326    
   62.000000000000000        63.000000000000000        1.26299392E-06   2.81143332    
   63.000000000000000        64.000000000000000        1.22946039E-06   3.49947500    
   64.000000000000000        65.000000000000000        1.20641073E-06   4.02465963    
   65.000000000000000        66.000000000000000        1.13006899E-06   3.27029681    
   66.000000000000000        67.000000000000000        1.09288351E-06   4.45845652    
   67.000000000000000        68.000000000000000        1.07881237E-06   3.36609435    
   68.000000000000000        69.000000000000000        9.95140908E-07   3.08861279    
   69.000000000000000        70.000000000000000        9.71868189E-07   3.96182132    
   70.000000000000000        71.000000000000000        8.98109590E-07   3.22898674    
   71.000000000000000        72.000000000000000        9.47976332E-07   4.49569273    
   72.000000000000000        73.000000000000000        8.86994769E-07   3.24418426    
   73.000000000000000        74.000000000000000        8.14780151E-07   3.32022047    
   74.000000000000000        75.000000000000000        7.86387659E-07   3.53296876    
   75.000000000000000        76.000000000000000        7.75829619E-07   3.39440513    
   76.000000000000000        77.000000000000000        7.35666617E-07   4.10860682    
   77.000000000000000        78.000000000000000        7.41890517E-07   4.31532764    
   78.000000000000000        79.000000000000000        7.26556493E-07   4.14966488    
   79.000000000000000        80.000000000000000        6.60043952E-07   3.52042508    
   80.000000000000000        81.000000000000000        6.20883498E-07   4.59797144    
   81.000000000000000        82.000000000000000        5.74048670E-07   3.04493690    
   82.000000000000000        83.000000000000000        5.51497806E-07   4.66706324    
   83.000000000000000        84.000000000000000        5.53242216E-07   3.85263705    
   84.000000000000000        85.000000000000000        5.54924213E-07   4.18440866    
   85.000000000000000        86.000000000000000        5.24694656E-07   3.48512340    
   86.000000000000000        87.000000000000000        5.08173969E-07   3.83067656    
   87.000000000000000        88.000000000000000        4.74915282E-07   3.48880434    
   88.000000000000000        89.000000000000000        4.50349830E-07   3.76209068    
   89.000000000000000        90.000000000000000        4.61468545E-07   4.70779467    
   90.000000000000000        91.000000000000000        4.27548400E-07   4.37704182    
   91.000000000000000        92.000000000000000        4.08338337E-07   4.22746038    
   92.000000000000000        93.000000000000000        4.41397560E-07   5.29708529    
   93.000000000000000        94.000000000000000        4.02163579E-07   4.51545048    
   94.000000000000000        95.000000000000000        3.74471909E-07   5.29087067    
   95.000000000000000        96.000000000000000        3.56944128E-07   4.49597692    
   96.000000000000000        97.000000000000000        3.39868308E-07   4.17353439    
   97.000000000000000        98.000000000000000        3.49289820E-07   5.35122299    
   98.000000000000000        99.000000000000000        3.12744731E-07   4.24087334    
   99.000000000000000        100.00000000000000        2.96581419E-07   4.19119596    
   100.00000000000000        101.00000000000000        2.96879819E-07   4.92329502    
   101.00000000000000        102.00000000000000        2.64930122E-07   3.97523093    
   102.00000000000000        103.00000000000000        2.73976525E-07   7.04880428    
   103.00000000000000        104.00000000000000        2.93257045E-07   5.46702480    
   104.00000000000000        105.00000000000000        2.63364058E-07   4.95778227    
   105.00000000000000        106.00000000000000        2.65296364E-07   7.89174795    
   106.00000000000000        107.00000000000000        2.56250019E-07   5.42271709    
   107.00000000000000        108.00000000000000        2.48733812E-07   6.24636078    
   108.00000000000000        109.00000000000000        2.42633405E-07   5.28186846    
   109.00000000000000        110.00000000000000        2.25070252E-07   6.46132326    
   110.00000000000000        111.00000000000000        2.01564589E-07   5.56600857    
   111.00000000000000        112.00000000000000        2.23880576E-07   6.18739843    
   112.00000000000000        113.00000000000000        2.17954081E-07   5.73711586    
   113.00000000000000        114.00000000000000        1.87581961E-07   4.78597975    
   114.00000000000000        115.00000000000000        2.11170047E-07   5.20252371    
   115.00000000000000        116.00000000000000        2.00072549E-07   8.29802132    
   116.00000000000000        117.00000000000000        1.99617944E-07   6.74820375    
   117.00000000000000        118.00000000000000        2.01844443E-07   5.51547432    
   118.00000000000000        119.00000000000000        1.89365778E-07   6.93330002    
   119.00000000000000        120.00000000000000        1.57318937E-07   5.46682549    
   120.00000000000000        121.00000000000000        1.69234241E-07   8.52399254    
   121.00000000000000        122.00000000000000        1.39329643E-07   7.34606361    
   122.00000000000000        123.00000000000000        1.48739943E-07   7.38875294    
   123.00000000000000        124.00000000000000        1.31887376E-07   4.41869068    
   124.00000000000000        125.00000000000000        1.58307742E-07   6.39740658    
   125.00000000000000        126.00000000000000        1.63781664E-07   10.6127911    
   126.00000000000000        127.00000000000000        1.50925331E-07   7.84226751    
   127.00000000000000        128.00000000000000        1.34193925E-07   7.13349199    
   128.00000000000000        129.00000000000000        1.33862372E-07   9.30614185    
   129.00000000000000        130.00000000000000        1.15430993E-07   6.35323000    
   130.00000000000000        131.00000000000000        1.11399892E-07   5.62840271    
   131.00000000000000        132.00000000000000        1.06171221E-07   5.85802841    
   132.00000000000000        133.00000000000000        1.08150694E-07   5.82470798    
   133.00000000000000        134.00000000000000        1.08541336E-07   7.06370401    
   134.00000000000000        135.00000000000000        1.19669210E-07   7.68493795    
   135.00000000000000        136.00000000000000        9.23416223E-08   5.60117579    
   136.00000000000000        137.00000000000000        1.14575059E-07   7.38918018    
   137.00000000000000        138.00000000000000        9.35315754E-08   5.56500816    
   138.00000000000000        139.00000000000000        9.63984377E-08   7.11882639    
   139.00000000000000        140.00000000000000        9.97359351E-08   8.11848831    
   140.00000000000000        141.00000000000000        1.01589940E-07   9.98827934    
   141.00000000000000        142.00000000000000        9.77736434E-08   10.1318674    
   142.00000000000000        143.00000000000000        9.20436065E-08   9.21189213    
   143.00000000000000        144.00000000000000        1.02516395E-07   10.0541382    
   144.00000000000000        145.00000000000000        7.65132526E-08   8.04280090    
   145.00000000000000        146.00000000000000        8.83387230E-08   10.2036247    
   146.00000000000000        147.00000000000000        8.44572625E-08   8.30232906    
   147.00000000000000        148.00000000000000        7.87376706E-08   9.46168709    
   148.00000000000000        149.00000000000000        7.86684637E-08   7.17759228    
   149.00000000000000        150.00000000000000        7.80741942E-08   11.4472466    
   150.00000000000000        151.00000000000000        7.80350575E-08   8.96830750    
   151.00000000000000        152.00000000000000        7.01257648E-08   7.80901098    
   152.00000000000000        153.00000000000000        6.40726938E-08   9.27480888    
   153.00000000000000        154.00000000000000        8.27594420E-08   21.8724155    
   154.00000000000000        155.00000000000000        6.26234637E-08   8.65078068    
   155.00000000000000        156.00000000000000        5.80124713E-08   8.29230118    
   156.00000000000000        157.00000000000000        7.24591800E-08   12.3187284    
   157.00000000000000        158.00000000000000        5.21789225E-08   9.38764763    
   158.00000000000000        159.00000000000000        5.54527801E-08   8.20012951    
   159.00000000000000        160.00000000000000        4.86945844E-08   5.88651896    
   160.00000000000000        161.00000000000000        5.72134269E-08   8.07505798    
   161.00000000000000        162.00000000000000        5.50523147E-08   8.12176132    
   162.00000000000000        163.00000000000000        4.67779593E-08   7.49055433    
   163.00000000000000        164.00000000000000        4.43729107E-08   5.91501856    
   164.00000000000000        165.00000000000000        4.80989861E-08   8.18925381    
   165.00000000000000        166.00000000000000        4.24595434E-08   9.27780914    
   166.00000000000000        167.00000000000000        5.24089430E-08   10.5752687    
   167.00000000000000        168.00000000000000        5.47362831E-08   11.6877813    
   168.00000000000000        169.00000000000000        5.00732789E-08   11.6193161    
   169.00000000000000        170.00000000000000        3.55592782E-08   7.87426853    
   170.00000000000000        171.00000000000000        4.13898178E-08   11.2250261    
   171.00000000000000        172.00000000000000        4.63691450E-08   13.0686817    
   172.00000000000000        173.00000000000000        4.11022043E-08   13.4313660    
   173.00000000000000        174.00000000000000        4.06698852E-08   11.4876490    
   174.00000000000000        175.00000000000000        3.56417402E-08   9.02836514    
   175.00000000000000        176.00000000000000        3.30469412E-08   7.89698219    
   176.00000000000000        177.00000000000000        4.06448386E-08   12.4475603    
   177.00000000000000        178.00000000000000        3.21630722E-08   9.78222370    
   178.00000000000000        179.00000000000000        3.37630723E-08   11.5891390    
   179.00000000000000        180.00000000000000        3.83309882E-08   10.1960917    
   180.00000000000000        181.00000000000000        3.36953683E-08   8.72647667    
   181.00000000000000        182.00000000000000        2.79316037E-08   8.88584328    
   182.00000000000000        183.00000000000000        2.92419138E-08   14.3601627    
   183.00000000000000        184.00000000000000        2.86942861E-08   15.2344761    
   184.00000000000000        185.00000000000000        3.14876019E-08   16.9747410    
   185.00000000000000        186.00000000000000        2.74754814E-08   13.9383869    
   186.00000000000000        187.00000000000000        1.93581151E-08   6.98325109    
   187.00000000000000        188.00000000000000        2.65139235E-08   13.4666023    
   188.00000000000000        189.00000000000000        2.20722516E-08   10.8537064    
   189.00000000000000        190.00000000000000        1.88042968E-08   7.71792841    
   190.00000000000000        191.00000000000000        1.64199889E-08   8.12832069    
   191.00000000000000        192.00000000000000        2.90375226E-08   42.8656998    
   192.00000000000000        193.00000000000000        2.02327275E-08   17.1369953    
   193.00000000000000        194.00000000000000        2.38614302E-08   24.9788074    
   194.00000000000000        195.00000000000000        1.94987013E-08   14.0793619    
   195.00000000000000        196.00000000000000        1.73981594E-08   10.5689259    
   196.00000000000000        197.00000000000000        1.88701854E-08   14.7375803    
   197.00000000000000        198.00000000000000        1.42815981E-08   9.53279972    
   198.00000000000000        199.00000000000000        1.73265580E-08   10.3849907    
   199.00000000000000        200.00000000000000        1.41233185E-08   9.20608234    
   200.00000000000000        201.00000000000000        1.22823618E-08   10.8419094    
   201.00000000000000        202.00000000000000        1.37586902E-08   10.6555033    
   202.00000000000000        203.00000000000000        1.59986033E-08   10.2269936    
   203.00000000000000        204.00000000000000        1.31981741E-08   9.07969284    
   204.00000000000000        205.00000000000000        1.42984220E-08   15.8508148    
   205.00000000000000        206.00000000000000        1.29405882E-08   16.5706787    
   206.00000000000000        207.00000000000000        1.19638210E-08   12.1900129    
   207.00000000000000        208.00000000000000        1.04795479E-08   14.4097033    
   208.00000000000000        209.00000000000000        1.49478456E-08   12.2110691    
   209.00000000000000        210.00000000000000        1.00988968E-08   12.0566463    
   210.00000000000000        211.00000000000000        1.29242723E-08   13.0439835    
   211.00000000000000        212.00000000000000        9.01838160E-09   11.0561914    
   212.00000000000000        213.00000000000000        9.74862768E-09   11.4086056    
   213.00000000000000        214.00000000000000        1.07224833E-08   16.2325172    
   214.00000000000000        215.00000000000000        7.79616904E-09   8.48585224    
   215.00000000000000        216.00000000000000        1.08224505E-08   22.6495399    
   216.00000000000000        217.00000000000000        8.19039059E-09   14.4560528    
   217.00000000000000        218.00000000000000        9.29950339E-09   15.8262444    
   218.00000000000000        219.00000000000000        9.14311116E-09   22.3349934    
   219.00000000000000        220.00000000000000        8.42796144E-09   14.4019718    
   220.00000000000000        221.00000000000000        7.79947129E-09   13.7603207    
   221.00000000000000        222.00000000000000        6.54395516E-09   10.6631851    
   222.00000000000000        223.00000000000000        7.08318781E-09   11.4519510    
   223.00000000000000        224.00000000000000        8.22735391E-09   17.0511627    
   224.00000000000000        225.00000000000000        1.36872718E-08   29.3496494    
   225.00000000000000        226.00000000000000        9.00077701E-09   24.8531952    
   226.00000000000000        227.00000000000000        5.39319922E-09   11.5465622    
   227.00000000000000        228.00000000000000        7.21087323E-09   26.9038029    
   228.00000000000000        229.00000000000000        5.60763258E-09   21.8571644    
   229.00000000000000        230.00000000000000        5.17354959E-09   12.9828739    
   230.00000000000000        230.00000000000000        5.17354959E-09   12.9828739    
