 # Detector n: 1D Projection
   51.000000000000000        52.000000000000000        2.13312910E-06   2.38003182    
   52.000000000000000        53.000000000000000        1.60833520E-06   2.44218659    
   53.000000000000000        54.000000000000000        1.02393403E-06   3.01477885    
   54.000000000000000        55.000000000000000        7.65195239E-07   4.42592478    
   55.000000000000000        56.000000000000000        5.89241210E-07   4.83788157    
   56.000000000000000        57.000000000000000        4.67623863E-07   4.46392679    
   57.000000000000000        58.000000000000000        4.20586588E-07   5.26923990    
   58.000000000000000        59.000000000000000        3.70093602E-07   6.35402107    
   59.000000000000000        60.000000000000000        3.30894636E-07   6.00145912    
   60.000000000000000        61.000000000000000        2.69838694E-07   6.35754299    
   61.000000000000000        62.000000000000000        2.37124397E-07   6.03738356    
   62.000000000000000        63.000000000000000        2.13140993E-07   5.87514734    
   63.000000000000000        64.000000000000000        2.26386177E-07   7.08832169    
   64.000000000000000        65.000000000000000        1.85793510E-07   5.44952917    
   65.000000000000000        66.000000000000000        1.68961535E-07   6.54068375    
   66.000000000000000        67.000000000000000        1.69298886E-07   9.23440647    
   67.000000000000000        68.000000000000000        1.46357849E-07   9.23952961    
   68.000000000000000        69.000000000000000        1.41240847E-07   8.97759819    
   69.000000000000000        70.000000000000000        1.26138403E-07   6.93195438    
   70.000000000000000        71.000000000000000        1.32405447E-07   6.97365189    
   71.000000000000000        72.000000000000000        1.05850766E-07   8.30125332    
   72.000000000000000        73.000000000000000        9.09178439E-08   6.99425793    
   73.000000000000000        74.000000000000000        9.01600572E-08   7.16743755    
   74.000000000000000        75.000000000000000        8.09319118E-08   6.89044762    
   75.000000000000000        76.000000000000000        9.27410326E-08   12.5925303    
   76.000000000000000        77.000000000000000        1.04163767E-07   17.9493866    
   77.000000000000000        78.000000000000000        1.01641987E-07   18.3632050    
   78.000000000000000        79.000000000000000        7.12100388E-08   9.74705887    
   79.000000000000000        80.000000000000000        5.91745923E-08   11.2259226    
   80.000000000000000        81.000000000000000        5.87166475E-08   10.8915548    
   81.000000000000000        82.000000000000000        5.92207385E-08   10.8270931    
   82.000000000000000        83.000000000000000        5.22490993E-08   6.35770416    
   83.000000000000000        84.000000000000000        5.55583952E-08   20.9462528    
   84.000000000000000        85.000000000000000        4.19348254E-08   10.1368971    
   85.000000000000000        86.000000000000000        5.27647543E-08   12.4048424    
   86.000000000000000        87.000000000000000        4.14655617E-08   8.94908047    
   87.000000000000000        88.000000000000000        4.78309765E-08   13.3409185    
   88.000000000000000        89.000000000000000        3.83468794E-08   9.75130653    
   89.000000000000000        90.000000000000000        2.80790218E-08   9.78980541    
   90.000000000000000        91.000000000000000        3.89652790E-08   9.95586395    
   91.000000000000000        92.000000000000000        3.30873107E-08   15.2829390    
   92.000000000000000        93.000000000000000        2.41179627E-08   7.78619814    
   93.000000000000000        94.000000000000000        2.42864484E-08   9.47206783    
   94.000000000000000        95.000000000000000        3.12210915E-08   27.1723270    
   95.000000000000000        96.000000000000000        2.57626116E-08   10.6838102    
   96.000000000000000        97.000000000000000        2.45842084E-08   22.6071663    
   97.000000000000000        98.000000000000000        3.09666852E-08   16.2103691    
   98.000000000000000        99.000000000000000        3.21002744E-08   21.0187130    
   99.000000000000000        100.00000000000000        2.31172272E-08   12.8574181    
   100.00000000000000        101.00000000000000        2.08693773E-08   15.0349560    
   101.00000000000000        102.00000000000000        2.55486388E-08   32.7091103    
   102.00000000000000        103.00000000000000        3.59042716E-08   29.5709133    
   103.00000000000000        104.00000000000000        2.76750054E-08   17.8381290    
   104.00000000000000        105.00000000000000        1.78621509E-08   14.6744385    
   105.00000000000000        106.00000000000000        1.45060142E-08   12.4035807    
   106.00000000000000        107.00000000000000        1.71483805E-08   16.1098671    
   107.00000000000000        108.00000000000000        1.45610732E-08   14.1926737    
   108.00000000000000        109.00000000000000        1.38235245E-08   15.3857870    
   109.00000000000000        110.00000000000000        1.80861832E-08   30.4719772    
   110.00000000000000        111.00000000000000        1.33011619E-08   15.3887167    
   111.00000000000000        112.00000000000000        1.02922160E-08   13.0239201    
   112.00000000000000        113.00000000000000        8.81847129E-09   10.3684921    
   113.00000000000000        114.00000000000000        1.73652808E-08   42.8838921    
   114.00000000000000        115.00000000000000        1.07627915E-08   21.0957947    
   115.00000000000000        116.00000000000000        8.84320883E-09   11.7970619    
   116.00000000000000        117.00000000000000        9.29509980E-09   11.7895327    
   117.00000000000000        118.00000000000000        1.67965659E-08   22.7489872    
   118.00000000000000        119.00000000000000        1.15429897E-08   13.9303970    
   119.00000000000000        120.00000000000000        8.50339532E-09   16.8444195    
   120.00000000000000        121.00000000000000        9.84862414E-09   17.2632141    
   121.00000000000000        122.00000000000000        8.80682993E-09   15.6023178    
   122.00000000000000        123.00000000000000        9.59257385E-09   24.5668983    
   123.00000000000000        124.00000000000000        9.07083297E-09   19.0207653    
   124.00000000000000        125.00000000000000        6.49191501E-09   10.6352930    
   125.00000000000000        126.00000000000000        6.77220013E-09   13.0248289    
   126.00000000000000        127.00000000000000        7.15152915E-09   22.9431896    
   127.00000000000000        128.00000000000000        1.06083462E-08   27.3788757    
   128.00000000000000        129.00000000000000        8.31690983E-09   17.8100929    
   129.00000000000000        130.00000000000000        7.63265096E-09   27.5734367    
   130.00000000000000        131.00000000000000        5.61637004E-09   20.4888649    
   131.00000000000000        132.00000000000000        8.91788421E-09   37.3584404    
   132.00000000000000        133.00000000000000        4.01246503E-09   13.8967934    
   133.00000000000000        134.00000000000000        3.94363520E-09   16.8643208    
   134.00000000000000        135.00000000000000        9.25974053E-09   34.6527710    
   135.00000000000000        136.00000000000000        4.45938575E-09   16.6233234    
   136.00000000000000        137.00000000000000        5.87806737E-09   20.9248829    
   137.00000000000000        138.00000000000000        4.51265070E-09   20.9316158    
   138.00000000000000        139.00000000000000        4.19301527E-09   16.0174847    
   139.00000000000000        140.00000000000000        3.39403816E-09   15.5203104    
   140.00000000000000        141.00000000000000        3.14546567E-09   19.3753929    
   141.00000000000000        142.00000000000000        4.07917611E-09   20.3140945    
   142.00000000000000        143.00000000000000        3.91266175E-09   12.4052334    
   143.00000000000000        144.00000000000000        3.69395159E-09   16.4482708    
   144.00000000000000        145.00000000000000        5.12711917E-09   34.8299713    
   145.00000000000000        146.00000000000000        4.08115897E-09   38.6341171    
   146.00000000000000        147.00000000000000        3.16363735E-09   26.6293049    
   147.00000000000000        148.00000000000000        3.55575480E-09   21.0509319    
   148.00000000000000        149.00000000000000        1.94926320E-09   17.0064774    
   149.00000000000000        150.00000000000000        5.21253041E-09   36.8534393    
   150.00000000000000        151.00000000000000        2.59322142E-09   17.9754124    
   151.00000000000000        152.00000000000000        2.57804955E-09   15.3092117    
   152.00000000000000        153.00000000000000        2.77932033E-09   28.4251423    
   153.00000000000000        154.00000000000000        3.06177772E-09   34.4914322    
   154.00000000000000        155.00000000000000        2.97765346E-09   16.8547745    
   155.00000000000000        156.00000000000000        4.52620652E-09   28.4141331    
   156.00000000000000        157.00000000000000        2.91947089E-09   44.9628143    
   157.00000000000000        158.00000000000000        2.10825557E-09   26.0526543    
   158.00000000000000        159.00000000000000        2.78265810E-09   26.5199451    
   159.00000000000000        160.00000000000000        2.34122188E-09   18.5191536    
   160.00000000000000        161.00000000000000        2.68043188E-09   34.7856445    
   161.00000000000000        162.00000000000000        1.97501349E-09   32.6532364    
   162.00000000000000        163.00000000000000        2.08856044E-09   23.7165222    
   163.00000000000000        164.00000000000000        2.63612554E-09   26.1386013    
   164.00000000000000        165.00000000000000        2.20713048E-09   20.3722744    
   165.00000000000000        166.00000000000000        3.25485283E-09   66.8038177    
   166.00000000000000        167.00000000000000        3.15965254E-09   20.4982853    
   167.00000000000000        168.00000000000000        2.60844968E-09   36.3034706    
   168.00000000000000        169.00000000000000        3.01049052E-09   27.4370575    
   169.00000000000000        170.00000000000000        1.75510506E-09   26.0901489    
   170.00000000000000        171.00000000000000        1.11193632E-09   23.8251972    
   171.00000000000000        172.00000000000000        2.95105940E-09   38.0730858    
   172.00000000000000        173.00000000000000        1.24708699E-09   18.7974472    
   173.00000000000000        174.00000000000000        3.81411036E-09   42.3491325    
   174.00000000000000        175.00000000000000        1.77012560E-09   20.4599037    
   175.00000000000000        176.00000000000000        1.36018363E-09   25.7365437    
   176.00000000000000        177.00000000000000        1.81454540E-09   34.9680290    
   177.00000000000000        178.00000000000000        1.11414089E-09   19.7762794    
   178.00000000000000        179.00000000000000        1.40679868E-09   23.0275936    
   179.00000000000000        180.00000000000000        8.71580197E-10   19.2279053    
   180.00000000000000        181.00000000000000        2.59477639E-09   41.3849030    
   181.00000000000000        182.00000000000000        2.02004902E-09   33.1609573    
   182.00000000000000        183.00000000000000        1.26819666E-09   19.6011086    
   183.00000000000000        184.00000000000000        4.20182866E-09   84.8292389    
   184.00000000000000        185.00000000000000        1.25653710E-09   28.9076576    
   185.00000000000000        186.00000000000000        8.59457672E-10   29.7136669    
   186.00000000000000        187.00000000000000        1.42597867E-09   41.6375923    
   187.00000000000000        188.00000000000000        8.14156242E-10   30.3060970    
   188.00000000000000        189.00000000000000        1.17621224E-09   23.1939087    
   189.00000000000000        190.00000000000000        1.52700896E-09   33.8653221    
   190.00000000000000        191.00000000000000        7.34079630E-10   24.8795738    
   191.00000000000000        192.00000000000000        6.30540342E-10   26.9161110    
   192.00000000000000        193.00000000000000        8.82758422E-10   28.3926163    
   193.00000000000000        194.00000000000000        6.73105516E-10   30.5282364    
   194.00000000000000        195.00000000000000        9.65584057E-10   34.7003059    
   195.00000000000000        196.00000000000000        1.16784327E-09   36.6821251    
   196.00000000000000        197.00000000000000        8.79342599E-10   26.7893581    
   197.00000000000000        198.00000000000000        1.27029609E-09   32.3899460    
   198.00000000000000        199.00000000000000        1.31500588E-09   42.9536743    
   199.00000000000000        200.00000000000000        5.94640115E-10   36.7764015    
   200.00000000000000        201.00000000000000        7.09699743E-10   28.8978310    
   201.00000000000000        202.00000000000000        1.65445502E-09   67.4043503    
   202.00000000000000        203.00000000000000        2.14986007E-09   82.5482788    
   203.00000000000000        204.00000000000000        7.31415761E-10   30.5900002    
   204.00000000000000        205.00000000000000        7.95553734E-10   32.5398026    
   205.00000000000000        206.00000000000000        5.42011269E-10   27.7661419    
   206.00000000000000        207.00000000000000        1.02591036E-09   25.5281677    
   207.00000000000000        208.00000000000000        1.47376644E-09   53.4363937    
   208.00000000000000        209.00000000000000        7.21308957E-10   40.1567574    
   209.00000000000000        210.00000000000000        4.83792895E-10   25.0346394    
   210.00000000000000        211.00000000000000        6.04068906E-10   54.9257393    
   211.00000000000000        212.00000000000000        6.61070532E-10   40.5434990    
   212.00000000000000        213.00000000000000        3.58901769E-10   42.3049736    
   213.00000000000000        214.00000000000000        2.59629485E-10   41.5035439    
   214.00000000000000        215.00000000000000        4.99142783E-10   28.6430416    
   215.00000000000000        216.00000000000000        2.28138120E-10   32.0841560    
   216.00000000000000        217.00000000000000        3.22745525E-10   44.2858429    
   217.00000000000000        218.00000000000000        6.29924446E-10   39.2814064    
   218.00000000000000        219.00000000000000        1.10667669E-10   28.1063461    
   219.00000000000000        220.00000000000000        3.01088349E-10   28.6582565    
   220.00000000000000        221.00000000000000        2.69220951E-10   32.1912193    
   221.00000000000000        222.00000000000000        1.60789576E-10   34.8201141    
   222.00000000000000        223.00000000000000        3.40086709E-10   52.5526466    
   223.00000000000000        224.00000000000000        2.23039961E-10   28.2902393    
   224.00000000000000        225.00000000000000        8.68809302E-10   77.0616760    
   225.00000000000000        226.00000000000000        5.47388912E-10   32.6055450    
   226.00000000000000        227.00000000000000        2.96981856E-10   34.8159447    
   227.00000000000000        228.00000000000000        1.83171533E-10   43.7176819    
   228.00000000000000        229.00000000000000        2.28967456E-10   40.5130844    
   229.00000000000000        230.00000000000000        1.93124156E-10   39.6584778    
   230.00000000000000        231.00000000000000        1.69369380E-10   42.3718376    
   231.00000000000000        232.00000000000000        2.10732071E-10   31.3457718    
   232.00000000000000        233.00000000000000        2.15379714E-10   52.9490471    
   233.00000000000000        234.00000000000000        3.32620709E-10   46.5023155    
   234.00000000000000        235.00000000000000        2.46685811E-10   35.5763588    
   235.00000000000000        236.00000000000000        7.42569201E-11   67.3237534    
   236.00000000000000        237.00000000000000        1.74636958E-10   35.7803001    
   237.00000000000000        238.00000000000000        2.49545079E-10   37.1768074    
   238.00000000000000        239.00000000000000        1.22915858E-10   36.8042564    
   239.00000000000000        240.00000000000000        1.18105303E-10   39.1171951    
   240.00000000000000        241.00000000000000        8.73486977E-11   42.1376762    
   241.00000000000000        242.00000000000000        8.25984489E-11   42.8543701    
   242.00000000000000        243.00000000000000        2.97732949E-10   74.1827011    
   243.00000000000000        244.00000000000000        1.51033352E-10   60.2956314    
   244.00000000000000        245.00000000000000        1.65141970E-10   47.3896217    
   245.00000000000000        246.00000000000000        3.71837977E-11   63.0430641    
   246.00000000000000        247.00000000000000        1.21473331E-10   67.8624420    
   247.00000000000000        248.00000000000000        7.09317466E-11   49.3057442    
   248.00000000000000        249.00000000000000        1.00324200E-10   46.8184814    
   249.00000000000000        250.00000000000000        1.75257558E-10   88.4823837    
   250.00000000000000        251.00000000000000        1.65247843E-10   59.5073090    
   251.00000000000000        252.00000000000000        4.09639073E-10   79.0754318    
   252.00000000000000        253.00000000000000        7.44869999E-11   44.8500290    
   253.00000000000000        254.00000000000000        1.16053764E-10   41.3820000    
   254.00000000000000        255.00000000000000        1.58254979E-10   52.9483032    
   255.00000000000000        256.00000000000000        3.36347755E-11   84.6397018    
   256.00000000000000        257.00000000000000        7.81967616E-11   48.6637993    
   257.00000000000000        258.00000000000000        1.23933516E-10   67.1022873    
   258.00000000000000        259.00000000000000        1.37757930E-10   62.9817772    
   259.00000000000000        260.00000000000000        2.35659686E-10   93.8631744    
   260.00000000000000        261.00000000000000        5.30460086E-11   53.5402374    
   261.00000000000000        262.00000000000000        1.52879459E-10   58.2003517    
   262.00000000000000        263.00000000000000        9.40560477E-11   44.1043396    
   263.00000000000000        263.00000000000000        9.40560477E-11   44.1043396    
