 # Detector n: 1D Projection
   45.000000000000000        46.000000000000000        3.55789234E-06   4.20880270    
   46.000000000000000        47.000000000000000        2.67906398E-06   2.05169392    
   47.000000000000000        48.000000000000000        2.12477312E-06   3.05493784    
   48.000000000000000        49.000000000000000        1.65971346E-06   3.32471538    
   49.000000000000000        50.000000000000000        1.38489088E-06   4.01958990    
   50.000000000000000        51.000000000000000        1.26424743E-06   3.76332998    
   51.000000000000000        52.000000000000000        1.15011778E-06   5.20949745    
   52.000000000000000        53.000000000000000        1.05333754E-06   3.93742800    
   53.000000000000000        54.000000000000000        9.42203314E-07   3.71870279    
   54.000000000000000        55.000000000000000        9.04757087E-07   7.11731386    
   55.000000000000000        56.000000000000000        8.31959483E-07   3.20774269    
   56.000000000000000        57.000000000000000        8.22095444E-07   3.69466662    
   57.000000000000000        58.000000000000000        7.72620297E-07   5.25754452    
   58.000000000000000        59.000000000000000        7.16410796E-07   3.99226141    
   59.000000000000000        60.000000000000000        7.44703925E-07   5.87963676    
   60.000000000000000        61.000000000000000        6.74344562E-07   4.40363979    
   61.000000000000000        62.000000000000000        6.37461767E-07   3.89402890    
   62.000000000000000        63.000000000000000        5.91610899E-07   4.54929113    
   63.000000000000000        64.000000000000000        5.63344713E-07   4.19533682    
   64.000000000000000        65.000000000000000        6.11513428E-07   5.05954695    
   65.000000000000000        66.000000000000000        4.86527540E-07   4.26493788    
   66.000000000000000        67.000000000000000        4.86229737E-07   5.22362423    
   67.000000000000000        68.000000000000000        5.14348812E-07   7.56918478    
   68.000000000000000        69.000000000000000        4.42911016E-07   4.04848385    
   69.000000000000000        70.000000000000000        4.41661001E-07   5.29342270    
   70.000000000000000        71.000000000000000        4.42267492E-07   4.55866814    
   71.000000000000000        72.000000000000000        4.16678091E-07   5.17963409    
   72.000000000000000        73.000000000000000        3.89634494E-07   4.48119402    
   73.000000000000000        74.000000000000000        3.76121960E-07   5.72908545    
   74.000000000000000        75.000000000000000        3.64652323E-07   6.89680481    
   75.000000000000000        76.000000000000000        3.46768644E-07   4.98829460    
   76.000000000000000        77.000000000000000        3.54070465E-07   5.31158209    
   77.000000000000000        78.000000000000000        3.31713267E-07   6.64364243    
   78.000000000000000        79.000000000000000        3.19251001E-07   5.59788656    
   79.000000000000000        80.000000000000000        3.13780106E-07   5.81394339    
   80.000000000000000        81.000000000000000        2.92443588E-07   5.28256702    
   81.000000000000000        82.000000000000000        2.97107960E-07   6.98559189    
   82.000000000000000        83.000000000000000        2.60657458E-07   5.28945446    
   83.000000000000000        84.000000000000000        2.36008205E-07   7.11150169    
   84.000000000000000        85.000000000000000        2.37125775E-07   5.69105721    
   85.000000000000000        86.000000000000000        2.39379915E-07   8.04798412    
   86.000000000000000        87.000000000000000        2.24094066E-07   6.04091167    
   87.000000000000000        88.000000000000000        2.29889352E-07   7.94934940    
   88.000000000000000        89.000000000000000        1.88575115E-07   5.82788754    
   89.000000000000000        90.000000000000000        2.18909520E-07   11.5174141    
   90.000000000000000        91.000000000000000        1.90518691E-07   6.27660608    
   91.000000000000000        92.000000000000000        1.90133647E-07   5.50042105    
   92.000000000000000        93.000000000000000        1.73766637E-07   5.85852957    
   93.000000000000000        94.000000000000000        1.71899288E-07   7.12067795    
   94.000000000000000        95.000000000000000        1.60360798E-07   6.44025421    
   95.000000000000000        96.000000000000000        1.82212673E-07   10.6450558    
   96.000000000000000        97.000000000000000        1.46107297E-07   6.17771339    
   97.000000000000000        98.000000000000000        1.51156613E-07   7.91665459    
   98.000000000000000        99.000000000000000        1.36138453E-07   7.24671030    
   99.000000000000000        100.00000000000000        1.30178847E-07   7.10483122    
   100.00000000000000        101.00000000000000        1.20178527E-07   5.88339663    
   101.00000000000000        102.00000000000000        1.37855594E-07   10.7155409    
   102.00000000000000        103.00000000000000        1.39417750E-07   8.28192616    
   103.00000000000000        104.00000000000000        1.39783026E-07   6.74613810    
   104.00000000000000        105.00000000000000        1.03612237E-07   6.35640240    
   105.00000000000000        106.00000000000000        1.12190833E-07   7.93984985    
   106.00000000000000        107.00000000000000        1.25924174E-07   8.58553219    
   107.00000000000000        108.00000000000000        1.02460824E-07   6.20152664    
   108.00000000000000        109.00000000000000        1.04394580E-07   9.10232162    
   109.00000000000000        110.00000000000000        9.71709682E-08   10.3164454    
   110.00000000000000        111.00000000000000        8.70377121E-08   5.51534176    
   111.00000000000000        112.00000000000000        1.01491224E-07   7.88514185    
   112.00000000000000        113.00000000000000        1.02447025E-07   9.62528324    
   113.00000000000000        114.00000000000000        1.01006052E-07   9.62439156    
   114.00000000000000        115.00000000000000        7.96137059E-08   6.45386648    
   115.00000000000000        116.00000000000000        9.33169702E-08   18.5825138    
   116.00000000000000        117.00000000000000        6.32738804E-08   5.60110092    
   117.00000000000000        118.00000000000000        7.16665127E-08   6.49297094    
   118.00000000000000        119.00000000000000        8.24474782E-08   11.8083620    
   119.00000000000000        120.00000000000000        6.39128928E-08   8.53124046    
   120.00000000000000        121.00000000000000        7.14680937E-08   10.2931261    
   121.00000000000000        122.00000000000000        6.77501006E-08   7.39955235    
   122.00000000000000        123.00000000000000        5.63835698E-08   7.47266626    
   123.00000000000000        124.00000000000000        7.96959370E-08   18.2346802    
   124.00000000000000        125.00000000000000        5.73157024E-08   9.80019379    
   125.00000000000000        126.00000000000000        6.34456327E-08   16.5475960    
   126.00000000000000        127.00000000000000        5.24536965E-08   8.86317062    
   127.00000000000000        128.00000000000000        5.48771020E-08   11.1528158    
   128.00000000000000        129.00000000000000        4.50755593E-08   7.20831537    
   129.00000000000000        130.00000000000000        4.76916036E-08   8.29640102    
   130.00000000000000        131.00000000000000        5.15575209E-08   10.8834076    
   131.00000000000000        132.00000000000000        5.54649588E-08   14.6147232    
   132.00000000000000        133.00000000000000        4.12862491E-08   7.92094374    
   133.00000000000000        134.00000000000000        4.49719444E-08   8.13422203    
   134.00000000000000        135.00000000000000        3.78557843E-08   7.39859581    
   135.00000000000000        136.00000000000000        4.44562431E-08   10.2634010    
   136.00000000000000        137.00000000000000        4.27060023E-08   9.87023830    
   137.00000000000000        138.00000000000000        3.98933544E-08   10.6777058    
   138.00000000000000        139.00000000000000        4.82692890E-08   14.3212156    
   139.00000000000000        140.00000000000000        3.89743491E-08   10.9036303    
   140.00000000000000        141.00000000000000        3.70672524E-08   16.8683853    
   141.00000000000000        142.00000000000000        2.89066318E-08   6.80691385    
   142.00000000000000        143.00000000000000        3.39085382E-08   11.3672209    
   143.00000000000000        144.00000000000000        3.39888615E-08   12.2466249    
   144.00000000000000        145.00000000000000        3.97268600E-08   10.8634520    
   145.00000000000000        146.00000000000000        3.73577222E-08   20.3327694    
   146.00000000000000        147.00000000000000        3.38120181E-08   9.92232895    
   147.00000000000000        148.00000000000000        2.39505820E-08   9.44223690    
   148.00000000000000        149.00000000000000        2.93692803E-08   8.50288773    
   149.00000000000000        150.00000000000000        3.40057156E-08   22.0318890    
   150.00000000000000        151.00000000000000        4.59902836E-08   48.7875481    
   151.00000000000000        152.00000000000000        4.03970972E-08   26.0644073    
   152.00000000000000        153.00000000000000        2.01926653E-08   8.42691708    
   153.00000000000000        154.00000000000000        2.88526394E-08   17.8587875    
   154.00000000000000        155.00000000000000        2.32834587E-08   9.52689362    
   155.00000000000000        156.00000000000000        2.67328826E-08   16.4278545    
   156.00000000000000        157.00000000000000        2.22919869E-08   10.6350403    
   157.00000000000000        158.00000000000000        2.22057519E-08   10.1575766    
   158.00000000000000        159.00000000000000        2.34757387E-08   13.3617964    
   159.00000000000000        160.00000000000000        3.28794449E-08   30.8089485    
   160.00000000000000        161.00000000000000        2.13124061E-08   9.55798817    
   161.00000000000000        162.00000000000000        1.90548430E-08   10.3346157    
   162.00000000000000        163.00000000000000        1.88927221E-08   8.68969345    
   163.00000000000000        164.00000000000000        1.71113754E-08   12.9731255    
   164.00000000000000        165.00000000000000        1.91775769E-08   23.8304787    
   165.00000000000000        166.00000000000000        1.48132759E-08   11.1600761    
   166.00000000000000        167.00000000000000        1.92058991E-08   22.5352287    
   167.00000000000000        168.00000000000000        1.49986263E-08   11.3435698    
   168.00000000000000        169.00000000000000        2.04014778E-08   12.7021523    
   169.00000000000000        170.00000000000000        1.39962761E-08   9.13290787    
   170.00000000000000        171.00000000000000        1.37873961E-08   9.70327473    
   171.00000000000000        172.00000000000000        1.86115461E-08   23.1307945    
   172.00000000000000        173.00000000000000        2.12792468E-08   19.0360279    
   173.00000000000000        174.00000000000000        1.52170347E-08   14.4501839    
   174.00000000000000        175.00000000000000        1.36765967E-08   27.2049007    
   175.00000000000000        176.00000000000000        1.10020881E-08   8.68460751    
   176.00000000000000        177.00000000000000        1.32234730E-08   14.3068266    
   177.00000000000000        178.00000000000000        1.70048242E-08   20.8429985    
   178.00000000000000        179.00000000000000        1.02545261E-08   10.4946232    
   179.00000000000000        180.00000000000000        1.41663428E-08   15.8325748    
   180.00000000000000        181.00000000000000        1.08040554E-08   15.7440481    
   181.00000000000000        182.00000000000000        1.15745991E-08   11.5191145    
   182.00000000000000        183.00000000000000        1.02823741E-08   12.8878145    
   183.00000000000000        184.00000000000000        1.28404993E-08   18.2895145    
   184.00000000000000        185.00000000000000        1.09587113E-08   19.6340523    
   185.00000000000000        186.00000000000000        1.32529889E-08   20.8019447    
   186.00000000000000        187.00000000000000        1.38057956E-08   22.3201790    
   187.00000000000000        188.00000000000000        7.94445310E-09   10.5729494    
   188.00000000000000        189.00000000000000        9.22647914E-09   15.1314449    
   189.00000000000000        190.00000000000000        6.73275480E-09   8.85181904    
   190.00000000000000        191.00000000000000        6.07863448E-09   14.4288807    
   191.00000000000000        192.00000000000000        7.18790938E-09   12.1720810    
   192.00000000000000        193.00000000000000        7.74776510E-09   23.7710896    
   193.00000000000000        194.00000000000000        7.89238896E-09   16.9531116    
   194.00000000000000        195.00000000000000        9.79610082E-09   17.9700890    
   195.00000000000000        196.00000000000000        7.82465914E-09   17.5737648    
   196.00000000000000        197.00000000000000        9.69629443E-09   15.5538473    
   197.00000000000000        198.00000000000000        9.45440526E-09   21.3006744    
   198.00000000000000        199.00000000000000        6.66210287E-09   17.2777233    
   199.00000000000000        200.00000000000000        6.84382639E-09   27.0328522    
   200.00000000000000        201.00000000000000        1.02706101E-08   57.4823151    
   201.00000000000000        202.00000000000000        6.64181421E-09   16.0834751    
   202.00000000000000        203.00000000000000        6.90810165E-09   18.2860126    
   203.00000000000000        204.00000000000000        5.03418640E-09   12.6377392    
   204.00000000000000        205.00000000000000        5.10592857E-09   25.9774208    
   205.00000000000000        206.00000000000000        3.66107900E-09   22.9853306    
   206.00000000000000        207.00000000000000        4.02112121E-09   13.8387117    
   207.00000000000000        208.00000000000000        3.70191144E-09   13.5701027    
   208.00000000000000        209.00000000000000        5.54635093E-09   21.7693920    
   209.00000000000000        210.00000000000000        2.98003666E-09   15.3853731    
   210.00000000000000        211.00000000000000        4.05814493E-09   22.3347931    
   211.00000000000000        212.00000000000000        3.52431861E-09   15.6949120    
   212.00000000000000        213.00000000000000        3.43417850E-09   16.6597462    
   213.00000000000000        214.00000000000000        3.70465414E-09   18.2656479    
   214.00000000000000        215.00000000000000        4.14899404E-09   21.4941883    
   215.00000000000000        216.00000000000000        2.74816547E-09   14.0801430    
   216.00000000000000        217.00000000000000        3.46898554E-09   16.7075558    
   217.00000000000000        218.00000000000000        3.00287351E-09   16.3641624    
   218.00000000000000        219.00000000000000        3.54529650E-09   18.1605701    
   219.00000000000000        220.00000000000000        2.51971177E-09   18.1955109    
   220.00000000000000        221.00000000000000        3.67323749E-09   17.1072998    
   221.00000000000000        222.00000000000000        4.18613189E-09   29.0825119    
   222.00000000000000        223.00000000000000        3.03804804E-09   18.1896248    
   223.00000000000000        224.00000000000000        3.43246809E-09   19.7554073    
   224.00000000000000        225.00000000000000        2.04823136E-09   13.8871174    
   225.00000000000000        226.00000000000000        3.14307114E-09   20.8951855    
   226.00000000000000        227.00000000000000        1.92066829E-09   13.2397842    
   227.00000000000000        228.00000000000000        1.89622762E-09   19.7101765    
   228.00000000000000        229.00000000000000        2.29841701E-09   18.5127010    
   229.00000000000000        230.00000000000000        2.19461560E-09   24.6010818    
   230.00000000000000        231.00000000000000        2.84730950E-09   19.7310200    
   231.00000000000000        232.00000000000000        3.24363869E-09   43.0794830    
   232.00000000000000        233.00000000000000        2.13154983E-09   17.6801319    
   233.00000000000000        234.00000000000000        1.87900340E-09   28.4890709    
   234.00000000000000        235.00000000000000        2.04679540E-09   21.6446133    
   235.00000000000000        236.00000000000000        2.00799843E-09   27.5051842    
   236.00000000000000        237.00000000000000        1.86395122E-09   21.8183651    
   237.00000000000000        238.00000000000000        1.76896109E-09   24.3409271    
   238.00000000000000        239.00000000000000        1.59981217E-09   25.0187035    
   239.00000000000000        240.00000000000000        1.17718302E-09   17.5419331    
   240.00000000000000        241.00000000000000        2.22974550E-09   36.3119202    
   241.00000000000000        242.00000000000000        1.34662248E-09   20.9609585    
   242.00000000000000        243.00000000000000        1.27885702E-09   20.9081078    
   243.00000000000000        244.00000000000000        1.75612291E-09   27.4462471    
   244.00000000000000        245.00000000000000        1.86181448E-09   19.7992325    
   245.00000000000000        246.00000000000000        9.69549885E-10   24.2677174    
   246.00000000000000        247.00000000000000        1.27168709E-09   21.8653545    
   247.00000000000000        248.00000000000000        1.39749212E-09   18.4300690    
   248.00000000000000        249.00000000000000        1.14046683E-09   25.5670071    
   249.00000000000000        250.00000000000000        1.05612719E-09   20.6998367    
   250.00000000000000        251.00000000000000        7.82371889E-10   22.8348770    
   251.00000000000000        252.00000000000000        1.26378541E-09   23.4117203    
   252.00000000000000        253.00000000000000        8.75126083E-10   19.4921341    
   253.00000000000000        254.00000000000000        1.10525311E-09   47.8769646    
   254.00000000000000        255.00000000000000        9.09521014E-10   23.1211281    
   255.00000000000000        256.00000000000000        8.80575279E-10   20.3962708    
   256.00000000000000        257.00000000000000        6.12039031E-10   21.5240307    
   257.00000000000000        258.00000000000000        1.43308665E-09   44.2958374    
   258.00000000000000        259.00000000000000        8.26530011E-10   38.4715958    
   259.00000000000000        260.00000000000000        1.02237074E-09   30.5536785    
   260.00000000000000        261.00000000000000        4.77076767E-10   36.3495789    
   261.00000000000000        262.00000000000000        1.32039457E-09   27.4210072    
   262.00000000000000        263.00000000000000        6.63235133E-10   24.8569489    
   263.00000000000000        263.00000000000000        6.63235133E-10   24.8569489    
