 # Detector n: 1D Projection
   40.000000000000000        41.000000000000000        1.04359724E-05   2.01346874    
   41.000000000000000        42.000000000000000        1.20691648E-05   1.49227822    
   42.000000000000000        43.000000000000000        1.09530174E-05   1.56456828    
   43.000000000000000        44.000000000000000        8.96421170E-06   1.65156054    
   44.000000000000000        45.000000000000000        6.19445655E-06   1.59426963    
   45.000000000000000        46.000000000000000        5.27952307E-06   1.98961163    
   46.000000000000000        47.000000000000000        4.54198289E-06   1.96938622    
   47.000000000000000        48.000000000000000        4.06926347E-06   2.03877234    
   48.000000000000000        49.000000000000000        3.85072144E-06   1.95211732    
   49.000000000000000        50.000000000000000        3.80779579E-06   1.95623958    
   50.000000000000000        51.000000000000000        3.47280388E-06   2.09191036    
   51.000000000000000        52.000000000000000        3.29331328E-06   2.52847838    
   52.000000000000000        53.000000000000000        3.21311768E-06   2.29321671    
   53.000000000000000        54.000000000000000        3.09571442E-06   2.29519105    
   54.000000000000000        55.000000000000000        2.89666991E-06   2.23554826    
   55.000000000000000        56.000000000000000        2.89775494E-06   2.23876190    
   56.000000000000000        57.000000000000000        2.85059241E-06   2.76583910    
   57.000000000000000        58.000000000000000        2.54022643E-06   2.24838805    
   58.000000000000000        59.000000000000000        2.49121376E-06   2.40666604    
   59.000000000000000        60.000000000000000        2.36379697E-06   2.31165838    
   60.000000000000000        61.000000000000000        2.26323687E-06   2.76251745    
   61.000000000000000        62.000000000000000        2.09614223E-06   2.80310345    
   62.000000000000000        63.000000000000000        2.10029998E-06   2.91316032    
   63.000000000000000        64.000000000000000        2.04557205E-06   2.58780527    
   64.000000000000000        65.000000000000000        1.88303386E-06   2.89506340    
   65.000000000000000        66.000000000000000        1.95724442E-06   3.50183725    
   66.000000000000000        67.000000000000000        1.71835893E-06   2.59100032    
   67.000000000000000        68.000000000000000        1.61425635E-06   3.13317442    
   68.000000000000000        69.000000000000000        1.63141294E-06   2.70516062    
   69.000000000000000        70.000000000000000        1.52457847E-06   2.88064599    
   70.000000000000000        71.000000000000000        1.45402055E-06   2.80618978    
   71.000000000000000        72.000000000000000        1.37593224E-06   2.57145190    
   72.000000000000000        73.000000000000000        1.42956719E-06   3.50273395    
   73.000000000000000        74.000000000000000        1.34764741E-06   3.24740195    
   74.000000000000000        75.000000000000000        1.20041034E-06   2.86435366    
   75.000000000000000        76.000000000000000        1.25695692E-06   3.42549944    
   76.000000000000000        77.000000000000000        1.19969400E-06   3.30767250    
   77.000000000000000        78.000000000000000        1.18332969E-06   3.73805380    
   78.000000000000000        79.000000000000000        1.13522640E-06   3.18977904    
   79.000000000000000        80.000000000000000        1.04096193E-06   3.83945489    
   80.000000000000000        81.000000000000000        1.03379261E-06   3.16826439    
   81.000000000000000        82.000000000000000        9.71718805E-07   3.51905298    
   82.000000000000000        83.000000000000000        9.19246474E-07   3.32579947    
   83.000000000000000        84.000000000000000        9.10535789E-07   2.97775745    
   84.000000000000000        85.000000000000000        8.96253709E-07   3.72065854    
   85.000000000000000        86.000000000000000        8.40946200E-07   3.06024504    
   86.000000000000000        87.000000000000000        8.32736987E-07   3.66353917    
   87.000000000000000        88.000000000000000        7.48678190E-07   3.29863501    
   88.000000000000000        89.000000000000000        7.39552547E-07   3.69258738    
   89.000000000000000        90.000000000000000        7.34041521E-07   4.29670477    
   90.000000000000000        91.000000000000000        6.99398413E-07   3.93446755    
   91.000000000000000        92.000000000000000        7.30491593E-07   4.06698942    
   92.000000000000000        93.000000000000000        6.42192163E-07   3.79639602    
   93.000000000000000        94.000000000000000        6.34602657E-07   4.04081488    
   94.000000000000000        95.000000000000000        5.85634780E-07   3.78927588    
   95.000000000000000        96.000000000000000        5.71414432E-07   3.93885255    
   96.000000000000000        97.000000000000000        5.73089721E-07   4.25131655    
   97.000000000000000        98.000000000000000        5.58923603E-07   4.02044773    
   98.000000000000000        99.000000000000000        5.33766752E-07   3.77339125    
   99.000000000000000        100.00000000000000        5.17044327E-07   3.57085466    
   100.00000000000000        101.00000000000000        5.17898968E-07   4.44728041    
   101.00000000000000        102.00000000000000        5.03942715E-07   4.24452925    
   102.00000000000000        103.00000000000000        5.13523446E-07   6.21782398    
   103.00000000000000        104.00000000000000        4.66944215E-07   5.02293825    
   104.00000000000000        105.00000000000000        4.69826659E-07   4.98572731    
   105.00000000000000        106.00000000000000        4.09595231E-07   4.89642334    
   106.00000000000000        107.00000000000000        4.01834768E-07   4.21764231    
   107.00000000000000        108.00000000000000        4.03285895E-07   4.64960146    
   108.00000000000000        109.00000000000000        3.72788122E-07   4.08314943    
   109.00000000000000        110.00000000000000        4.02753500E-07   5.77201176    
   110.00000000000000        111.00000000000000        3.65518048E-07   4.77174282    
   111.00000000000000        112.00000000000000        3.71284926E-07   5.02999926    
   112.00000000000000        113.00000000000000        3.71085207E-07   6.32489157    
   113.00000000000000        114.00000000000000        3.17938145E-07   4.39596748    
   114.00000000000000        115.00000000000000        3.42266446E-07   5.75028372    
   115.00000000000000        116.00000000000000        2.98147569E-07   5.17155313    
   116.00000000000000        117.00000000000000        3.20780430E-07   5.80605984    
   117.00000000000000        118.00000000000000        2.71762644E-07   4.48732996    
   118.00000000000000        119.00000000000000        3.05884669E-07   5.51450968    
   119.00000000000000        120.00000000000000        2.83938277E-07   6.20095825    
   120.00000000000000        121.00000000000000        2.60386486E-07   5.05587435    
   121.00000000000000        122.00000000000000        2.65314014E-07   6.67591238    
   122.00000000000000        123.00000000000000        2.77976937E-07   8.29516983    
   123.00000000000000        124.00000000000000        2.53567322E-07   4.30244017    
   124.00000000000000        125.00000000000000        2.25615437E-07   4.55842018    
   125.00000000000000        126.00000000000000        2.77499709E-07   9.16012764    
   126.00000000000000        127.00000000000000        2.02188644E-07   4.41143513    
   127.00000000000000        128.00000000000000        2.22149112E-07   4.93923330    
   128.00000000000000        129.00000000000000        2.24378738E-07   6.07526350    
   129.00000000000000        130.00000000000000        2.03704587E-07   5.34237385    
   130.00000000000000        131.00000000000000        2.02155661E-07   6.08387995    
   131.00000000000000        132.00000000000000        1.85266245E-07   4.26263332    
   132.00000000000000        133.00000000000000        1.87697594E-07   7.04964495    
   133.00000000000000        134.00000000000000        1.79709474E-07   5.24006891    
   134.00000000000000        135.00000000000000        1.85547563E-07   5.44859409    
   135.00000000000000        136.00000000000000        1.76559524E-07   6.04304171    
   136.00000000000000        137.00000000000000        1.79458894E-07   6.00388193    
   137.00000000000000        138.00000000000000        1.73990742E-07   7.32214546    
   138.00000000000000        139.00000000000000        1.88495548E-07   8.34734535    
   139.00000000000000        140.00000000000000        1.86461818E-07   8.55483818    
   140.00000000000000        141.00000000000000        1.78130279E-07   9.14040661    
   141.00000000000000        142.00000000000000        1.64744364E-07   6.19696712    
   142.00000000000000        143.00000000000000        1.40833549E-07   6.44677639    
   143.00000000000000        144.00000000000000        1.34861395E-07   5.90380335    
   144.00000000000000        145.00000000000000        1.60873839E-07   6.35554266    
   145.00000000000000        146.00000000000000        1.35653039E-07   5.08296299    
   146.00000000000000        147.00000000000000        1.49414618E-07   12.2856770    
   147.00000000000000        148.00000000000000        1.33455288E-07   7.50434780    
   148.00000000000000        149.00000000000000        1.19826197E-07   6.25269127    
   149.00000000000000        150.00000000000000        1.19478912E-07   8.08007717    
   150.00000000000000        151.00000000000000        1.25906141E-07   6.59515285    
   151.00000000000000        152.00000000000000        1.37667328E-07   8.21980953    
   152.00000000000000        153.00000000000000        1.24401566E-07   6.00737238    
   153.00000000000000        154.00000000000000        1.04900927E-07   5.37722206    
   154.00000000000000        155.00000000000000        1.07716602E-07   5.19201851    
   155.00000000000000        156.00000000000000        1.07598225E-07   6.56279707    
   156.00000000000000        157.00000000000000        1.03561675E-07   6.28941441    
   157.00000000000000        158.00000000000000        1.03363874E-07   6.56843615    
   158.00000000000000        159.00000000000000        1.03610873E-07   9.41870499    
   159.00000000000000        160.00000000000000        9.77156844E-08   7.60288095    
   160.00000000000000        161.00000000000000        9.72268879E-08   9.07939148    
   161.00000000000000        162.00000000000000        9.61128777E-08   7.77029419    
   162.00000000000000        163.00000000000000        9.83970878E-08   10.8473587    
   163.00000000000000        164.00000000000000        9.24023453E-08   7.22051859    
   164.00000000000000        165.00000000000000        8.87736462E-08   7.52664709    
   165.00000000000000        166.00000000000000        9.32844983E-08   10.3819027    
   166.00000000000000        167.00000000000000        8.40462420E-08   8.04209995    
   167.00000000000000        168.00000000000000        9.40993630E-08   9.94204044    
   168.00000000000000        169.00000000000000        8.37761007E-08   9.08473778    
   169.00000000000000        170.00000000000000        8.93944971E-08   9.53180504    
   170.00000000000000        171.00000000000000        7.55327463E-08   6.44662666    
   171.00000000000000        172.00000000000000        6.84277879E-08   6.27066946    
   172.00000000000000        173.00000000000000        8.03410956E-08   11.6771612    
   173.00000000000000        174.00000000000000        6.20102156E-08   6.59164429    
   174.00000000000000        175.00000000000000        7.25698399E-08   9.32005310    
   175.00000000000000        176.00000000000000        6.70589415E-08   7.75027037    
   176.00000000000000        177.00000000000000        6.39346993E-08   6.81087542    
   177.00000000000000        178.00000000000000        7.40741370E-08   9.04724979    
   178.00000000000000        179.00000000000000        5.57075204E-08   7.78244114    
   179.00000000000000        180.00000000000000        5.66305047E-08   7.25135422    
   180.00000000000000        181.00000000000000        6.67259457E-08   13.7789173    
   181.00000000000000        182.00000000000000        6.01870056E-08   13.4587135    
   182.00000000000000        183.00000000000000        4.97823009E-08   8.10870457    
   183.00000000000000        184.00000000000000        4.65962948E-08   7.48986673    
   184.00000000000000        185.00000000000000        5.54197221E-08   11.1903772    
   185.00000000000000        186.00000000000000        3.98399180E-08   8.66261292    
   186.00000000000000        187.00000000000000        4.50989894E-08   8.95928478    
   187.00000000000000        188.00000000000000        3.84528498E-08   8.20886230    
   188.00000000000000        189.00000000000000        4.19888195E-08   10.6970072    
   189.00000000000000        190.00000000000000        4.33258585E-08   22.6826096    
   190.00000000000000        191.00000000000000        4.15701145E-08   11.8306694    
   191.00000000000000        192.00000000000000        3.52606051E-08   8.60953426    
   192.00000000000000        193.00000000000000        3.94487714E-08   17.2558899    
   193.00000000000000        194.00000000000000        4.10287164E-08   9.75696754    
   194.00000000000000        195.00000000000000        3.30226264E-08   10.3024569    
   195.00000000000000        196.00000000000000        3.24710179E-08   11.3017416    
   196.00000000000000        197.00000000000000        2.83190680E-08   11.6874371    
   197.00000000000000        198.00000000000000        3.33812977E-08   11.8525991    
   198.00000000000000        199.00000000000000        2.69217129E-08   8.31501293    
   199.00000000000000        200.00000000000000        2.96961744E-08   12.3467379    
   200.00000000000000        201.00000000000000        2.89008781E-08   12.0315924    
   201.00000000000000        202.00000000000000        2.57828976E-08   10.0702858    
   202.00000000000000        203.00000000000000        2.34172255E-08   9.22265625    
   203.00000000000000        204.00000000000000        2.06045314E-08   8.37735748    
   204.00000000000000        205.00000000000000        2.41609239E-08   10.7587452    
   205.00000000000000        206.00000000000000        2.60821409E-08   11.6689787    
   206.00000000000000        207.00000000000000        1.83250428E-08   10.1244946    
   207.00000000000000        208.00000000000000        1.90424068E-08   10.0417938    
   208.00000000000000        209.00000000000000        2.51345806E-08   11.8097763    
   209.00000000000000        210.00000000000000        2.30528023E-08   9.10609245    
   210.00000000000000        210.00000000000000        2.30528023E-08   9.10609245    
