 # Detector n: 1D Projection
   43.000000000000000        44.000000000000000        4.09347695E-06   2.23679757    
   44.000000000000000        45.000000000000000        3.81626251E-06   2.32871675    
   45.000000000000000        46.000000000000000        2.94448341E-06   2.39789200    
   46.000000000000000        47.000000000000000        2.54402676E-06   3.15804076    
   47.000000000000000        48.000000000000000        2.32195475E-06   3.26944661    
   48.000000000000000        49.000000000000000        1.96319661E-06   2.95548844    
   49.000000000000000        50.000000000000000        1.82598967E-06   3.37961769    
   50.000000000000000        51.000000000000000        1.68208203E-06   3.17979908    
   51.000000000000000        52.000000000000000        1.61425578E-06   3.12943316    
   52.000000000000000        53.000000000000000        1.42062049E-06   3.22501206    
   53.000000000000000        54.000000000000000        1.40835857E-06   3.01789951    
   54.000000000000000        55.000000000000000        1.39125075E-06   3.51188183    
   55.000000000000000        56.000000000000000        1.30650983E-06   4.51046467    
   56.000000000000000        57.000000000000000        1.15780233E-06   2.82452679    
   57.000000000000000        58.000000000000000        1.24043208E-06   3.16775107    
   58.000000000000000        59.000000000000000        1.20507809E-06   2.90737605    
   59.000000000000000        60.000000000000000        1.16830188E-06   4.93132067    
   60.000000000000000        61.000000000000000        1.08680683E-06   4.09210157    
   61.000000000000000        62.000000000000000        1.00397074E-06   3.78658175    
   62.000000000000000        63.000000000000000        9.89677801E-07   3.59197378    
   63.000000000000000        64.000000000000000        9.50332208E-07   3.80436659    
   64.000000000000000        65.000000000000000        8.82203267E-07   2.86600471    
   65.000000000000000        66.000000000000000        8.52685559E-07   3.84027410    
   66.000000000000000        67.000000000000000        8.27505914E-07   3.75582981    
   67.000000000000000        68.000000000000000        8.28504540E-07   4.28695154    
   68.000000000000000        69.000000000000000        7.44940280E-07   4.69619465    
   69.000000000000000        70.000000000000000        7.59335592E-07   3.83432245    
   70.000000000000000        71.000000000000000        7.04182014E-07   3.58189392    
   71.000000000000000        72.000000000000000        6.71729083E-07   4.12878752    
   72.000000000000000        73.000000000000000        6.53495078E-07   4.00343895    
   73.000000000000000        74.000000000000000        7.28511282E-07   6.92181301    
   74.000000000000000        75.000000000000000        6.24190648E-07   4.40334654    
   75.000000000000000        76.000000000000000        6.20965352E-07   4.32524252    
   76.000000000000000        77.000000000000000        6.03017781E-07   4.46182489    
   77.000000000000000        78.000000000000000        5.39281984E-07   3.89729810    
   78.000000000000000        79.000000000000000        5.45298008E-07   6.49885559    
   79.000000000000000        80.000000000000000        5.09823337E-07   4.62684059    
   80.000000000000000        81.000000000000000        4.59009669E-07   4.06585503    
   81.000000000000000        82.000000000000000        4.28488363E-07   3.83855653    
   82.000000000000000        83.000000000000000        4.54211914E-07   5.10485935    
   83.000000000000000        84.000000000000000        4.43814031E-07   4.71933985    
   84.000000000000000        85.000000000000000        4.50805430E-07   5.09835291    
   85.000000000000000        86.000000000000000        4.52194854E-07   5.33215332    
   86.000000000000000        87.000000000000000        4.10532266E-07   8.49326324    
   87.000000000000000        88.000000000000000        3.47895934E-07   3.94393206    
   88.000000000000000        89.000000000000000        3.63012560E-07   4.78548431    
   89.000000000000000        90.000000000000000        3.43661583E-07   5.30440855    
   90.000000000000000        91.000000000000000        3.24901151E-07   6.45249128    
   91.000000000000000        92.000000000000000        3.23428310E-07   4.68490887    
   92.000000000000000        93.000000000000000        3.31710027E-07   6.52377748    
   93.000000000000000        94.000000000000000        2.90339898E-07   5.36876917    
   94.000000000000000        95.000000000000000        2.63672803E-07   4.49027014    
   95.000000000000000        96.000000000000000        2.77063577E-07   5.36707020    
   96.000000000000000        97.000000000000000        3.01677147E-07   6.30442190    
   97.000000000000000        98.000000000000000        2.71301730E-07   6.93842316    
   98.000000000000000        99.000000000000000        2.40840336E-07   5.39149618    
   99.000000000000000        100.00000000000000        2.19845674E-07   5.00812578    
   100.00000000000000        101.00000000000000        2.27940447E-07   6.00736713    
   101.00000000000000        102.00000000000000        2.08826506E-07   5.77085304    
   102.00000000000000        103.00000000000000        2.09158912E-07   5.06366491    
   103.00000000000000        104.00000000000000        2.03519051E-07   4.52304888    
   104.00000000000000        105.00000000000000        2.03424818E-07   7.58397961    
   105.00000000000000        106.00000000000000        1.99008539E-07   6.48587418    
   106.00000000000000        107.00000000000000        1.96604447E-07   7.61526728    
   107.00000000000000        108.00000000000000        1.78134670E-07   5.11232519    
   108.00000000000000        109.00000000000000        1.61964650E-07   4.95449209    
   109.00000000000000        110.00000000000000        1.54394684E-07   7.75074434    
   110.00000000000000        111.00000000000000        1.81717823E-07   7.18132639    
   111.00000000000000        112.00000000000000        1.58585721E-07   6.59681273    
   112.00000000000000        113.00000000000000        1.50826125E-07   5.77635336    
   113.00000000000000        114.00000000000000        1.44061588E-07   6.36785698    
   114.00000000000000        115.00000000000000        1.50064537E-07   5.32108068    
   115.00000000000000        116.00000000000000        1.34488502E-07   5.85753393    
   116.00000000000000        117.00000000000000        1.29897984E-07   6.00901413    
   117.00000000000000        118.00000000000000        1.37295885E-07   8.31841278    
   118.00000000000000        119.00000000000000        1.34656716E-07   6.38420010    
   119.00000000000000        120.00000000000000        1.19533212E-07   5.51933479    
   120.00000000000000        121.00000000000000        1.04054713E-07   5.01732779    
   121.00000000000000        122.00000000000000        1.01952800E-07   5.10969067    
   122.00000000000000        123.00000000000000        1.15697972E-07   9.55283356    
   123.00000000000000        124.00000000000000        1.35616602E-07   8.87800407    
   124.00000000000000        125.00000000000000        1.18379425E-07   9.16526508    
   125.00000000000000        126.00000000000000        1.04598236E-07   7.24976349    
   126.00000000000000        127.00000000000000        1.20444511E-07   14.8842354    
   127.00000000000000        128.00000000000000        9.65750502E-08   7.50823307    
   128.00000000000000        129.00000000000000        1.10700448E-07   11.6314087    
   129.00000000000000        130.00000000000000        9.20545631E-08   7.64220810    
   130.00000000000000        131.00000000000000        8.98704045E-08   6.74228811    
   131.00000000000000        132.00000000000000        9.31068769E-08   8.04878902    
   132.00000000000000        133.00000000000000        8.78415563E-08   8.34742069    
   133.00000000000000        134.00000000000000        8.44547401E-08   6.90915012    
   134.00000000000000        135.00000000000000        7.76109204E-08   6.62895060    
   135.00000000000000        136.00000000000000        7.21606384E-08   7.55646229    
   136.00000000000000        137.00000000000000        7.65985746E-08   8.00246525    
   137.00000000000000        138.00000000000000        8.21829715E-08   10.0509739    
   138.00000000000000        139.00000000000000        6.58573072E-08   8.10585499    
   139.00000000000000        140.00000000000000        7.09563395E-08   8.90240860    
   140.00000000000000        141.00000000000000        6.62677309E-08   7.19369936    
   141.00000000000000        142.00000000000000        8.80126905E-08   14.5955143    
   142.00000000000000        143.00000000000000        7.21373894E-08   10.1365328    
   143.00000000000000        144.00000000000000        5.30817736E-08   11.0286398    
   144.00000000000000        145.00000000000000        5.25308188E-08   8.04234409    
   145.00000000000000        146.00000000000000        5.08442106E-08   6.82645226    
   146.00000000000000        147.00000000000000        5.91326632E-08   11.0498705    
   147.00000000000000        148.00000000000000        5.97627619E-08   17.4625378    
   148.00000000000000        149.00000000000000        5.57979440E-08   8.63146496    
   149.00000000000000        150.00000000000000        5.34612212E-08   10.6481447    
   150.00000000000000        151.00000000000000        5.66556224E-08   14.5680132    
   151.00000000000000        152.00000000000000        4.76365578E-08   7.92677164    
   152.00000000000000        153.00000000000000        5.05327158E-08   12.0063820    
   153.00000000000000        154.00000000000000        4.91256493E-08   7.74147272    
   154.00000000000000        155.00000000000000        5.78156047E-08   11.2855654    
   155.00000000000000        156.00000000000000        5.02499944E-08   10.4495583    
   156.00000000000000        157.00000000000000        4.04371008E-08   8.90338707    
   157.00000000000000        158.00000000000000        4.32348308E-08   9.75560760    
   158.00000000000000        159.00000000000000        4.83866600E-08   16.0581131    
   159.00000000000000        160.00000000000000        4.31057856E-08   9.62561035    
   160.00000000000000        161.00000000000000        5.09885076E-08   10.2011356    
   161.00000000000000        162.00000000000000        3.93002679E-08   12.1386042    
   162.00000000000000        163.00000000000000        3.63222519E-08   8.66958714    
   163.00000000000000        164.00000000000000        3.91419341E-08   12.2744837    
   164.00000000000000        165.00000000000000        3.11114405E-08   7.00647163    
   165.00000000000000        166.00000000000000        3.65291974E-08   8.73658371    
   166.00000000000000        167.00000000000000        3.75714748E-08   14.0093756    
   167.00000000000000        168.00000000000000        3.52415626E-08   15.3460798    
   168.00000000000000        169.00000000000000        3.04604058E-08   9.19306755    
   169.00000000000000        170.00000000000000        2.81322770E-08   10.5274858    
   170.00000000000000        171.00000000000000        2.89718702E-08   11.3504848    
   171.00000000000000        172.00000000000000        3.07844452E-08   13.7486086    
   172.00000000000000        173.00000000000000        2.81102555E-08   10.1184168    
   173.00000000000000        174.00000000000000        2.95942169E-08   11.7880602    
   174.00000000000000        175.00000000000000        2.84220185E-08   10.0677776    
   175.00000000000000        176.00000000000000        2.29719781E-08   7.94579983    
   176.00000000000000        177.00000000000000        2.73717315E-08   16.7253571    
   177.00000000000000        178.00000000000000        3.61894017E-08   22.2358093    
   178.00000000000000        179.00000000000000        2.93811091E-08   15.8342361    
   179.00000000000000        180.00000000000000        1.91816181E-08   12.0553007    
   180.00000000000000        181.00000000000000        2.23610854E-08   20.1463356    
   181.00000000000000        182.00000000000000        2.66802953E-08   14.3368502    
   182.00000000000000        183.00000000000000        2.20124896E-08   9.02912426    
   183.00000000000000        184.00000000000000        2.29290507E-08   15.2689724    
   184.00000000000000        185.00000000000000        1.83698301E-08   10.0386896    
   185.00000000000000        186.00000000000000        1.63671743E-08   12.3441563    
   186.00000000000000        187.00000000000000        1.76629538E-08   12.1903515    
   187.00000000000000        188.00000000000000        1.76582731E-08   11.6303053    
   188.00000000000000        189.00000000000000        1.28689015E-08   8.60304356    
   189.00000000000000        190.00000000000000        1.56000421E-08   13.5301323    
   190.00000000000000        191.00000000000000        1.80756317E-08   13.2876530    
   191.00000000000000        192.00000000000000        1.42204657E-08   9.25963116    
   192.00000000000000        193.00000000000000        1.42731853E-08   27.7090549    
   193.00000000000000        194.00000000000000        1.08063540E-08   9.04874325    
   194.00000000000000        195.00000000000000        1.57543720E-08   13.4510708    
   195.00000000000000        196.00000000000000        1.25172077E-08   11.4173908    
   196.00000000000000        197.00000000000000        9.81788073E-09   8.51172161    
   197.00000000000000        198.00000000000000        1.04180495E-08   9.29027939    
   198.00000000000000        199.00000000000000        1.03881952E-08   8.63376045    
   199.00000000000000        200.00000000000000        1.09785976E-08   14.0936089    
   200.00000000000000        201.00000000000000        9.27580057E-09   9.63261509    
   201.00000000000000        202.00000000000000        9.31584676E-09   13.1366777    
   202.00000000000000        203.00000000000000        1.12579253E-08   17.3094769    
   203.00000000000000        204.00000000000000        1.09922400E-08   17.2208881    
   204.00000000000000        205.00000000000000        1.11949054E-08   16.8006115    
   205.00000000000000        206.00000000000000        7.13501658E-09   10.4079800    
   206.00000000000000        207.00000000000000        9.17409171E-09   13.4654493    
   207.00000000000000        208.00000000000000        7.90740984E-09   11.6749964    
   208.00000000000000        209.00000000000000        9.51092982E-09   17.6227913    
   209.00000000000000        210.00000000000000        1.29783819E-08   45.5235634    
   210.00000000000000        211.00000000000000        8.21512103E-09   14.2632160    
   211.00000000000000        212.00000000000000        8.74101769E-09   14.6521006    
   212.00000000000000        213.00000000000000        8.16869594E-09   20.2444115    
   213.00000000000000        214.00000000000000        1.28301805E-08   48.7844124    
   214.00000000000000        215.00000000000000        1.04648343E-08   17.8699436    
   215.00000000000000        216.00000000000000        5.53606316E-09   14.8667898    
   216.00000000000000        217.00000000000000        8.11764167E-09   14.8175192    
   217.00000000000000        218.00000000000000        1.06118616E-08   21.0663071    
   218.00000000000000        219.00000000000000        1.32416176E-08   33.3349037    
   219.00000000000000        220.00000000000000        8.77038886E-09   20.9089985    
   220.00000000000000        221.00000000000000        6.67687372E-09   11.7473822    
   221.00000000000000        222.00000000000000        7.07154024E-09   12.5620546    
   222.00000000000000        223.00000000000000        6.24641094E-09   13.5966434    
   223.00000000000000        224.00000000000000        4.17402557E-09   11.2799940    
   224.00000000000000        225.00000000000000        4.99427122E-09   16.5180321    
   225.00000000000000        226.00000000000000        4.43896564E-09   13.8257246    
   226.00000000000000        227.00000000000000        4.52981741E-09   14.6687880    
   227.00000000000000        228.00000000000000        5.65064529E-09   19.6739235    
   228.00000000000000        229.00000000000000        4.96473263E-09   18.5080166    
   229.00000000000000        230.00000000000000        4.63853889E-09   15.4596224    
   230.00000000000000        231.00000000000000        4.32587655E-09   10.7978811    
   231.00000000000000        232.00000000000000        3.46824391E-09   29.9211140    
   232.00000000000000        233.00000000000000        3.19042903E-09   13.2951345    
   233.00000000000000        234.00000000000000        3.33197336E-09   16.4115944    
   234.00000000000000        235.00000000000000        4.82670792E-09   22.5472088    
   235.00000000000000        236.00000000000000        4.18995150E-09   23.9329967    
   236.00000000000000        237.00000000000000        1.86129201E-09   20.3520050    
   237.00000000000000        238.00000000000000        2.59650368E-09   12.4913521    
   238.00000000000000        239.00000000000000        3.41787443E-09   26.1105309    
   239.00000000000000        240.00000000000000        5.83840754E-09   32.4416008    
   240.00000000000000        240.00000000000000        5.83840754E-09   32.4416008    
