 # Detector n: 1D Projection
   0.0000000000000000        10.000000000000000        1.11233855E-10   10.8677273    
   10.000000000000000        20.000000000000000        1.30518429E-10   19.4390259    
   20.000000000000000        30.000000000000000        9.59351210E-11   15.1647406    
   30.000000000000000        40.000000000000000        9.01476463E-11   13.8319416    
   40.000000000000000        50.000000000000000        8.56089921E-11   11.0853519    
   50.000000000000000        60.000000000000000        1.20831747E-10   11.3979168    
   60.000000000000000        70.000000000000000        1.29699196E-10   9.80721760    
   70.000000000000000        80.000000000000000        1.20553983E-10   19.1846256    
   80.000000000000000        90.000000000000000        6.55950849E-11   11.4962654    
   90.000000000000000        100.00000000000000        7.06532541E-11   14.1604242    
   100.00000000000000        110.00000000000000        2.10685816E-10   12.4326496    
   110.00000000000000        120.00000000000000        1.04921856E-10   11.0428915    
   120.00000000000000        130.00000000000000        1.79919551E-10   11.9266815    
   130.00000000000000        140.00000000000000        1.31535102E-10   15.4813795    
   140.00000000000000        150.00000000000000        8.21829063E-11   9.77342606    
   150.00000000000000        160.00000000000000        7.76435860E-11   9.74852753    
   160.00000000000000        170.00000000000000        1.03279357E-10   9.75196743    
   170.00000000000000        180.00000000000000        9.58745167E-11   11.6062012    
   180.00000000000000        190.00000000000000        1.05812165E-10   9.86164856    
   190.00000000000000        200.00000000000000        1.07875826E-10   25.6404457    
   200.00000000000000        210.00000000000000        9.84905005E-11   17.3236542    
   210.00000000000000        220.00000000000000        8.55746585E-11   13.8423157    
   220.00000000000000        230.00000000000000        1.00585346E-10   11.3720770    
   230.00000000000000        240.00000000000000        1.31991584E-10   16.9881096    
   240.00000000000000        250.00000000000000        9.57602123E-11   8.21727848    
   250.00000000000000        260.00000000000000        1.27994726E-10   17.4278774    
   260.00000000000000        270.00000000000000        1.36230777E-10   11.9725990    
   270.00000000000000        280.00000000000000        8.77430628E-11   8.72615910    
   280.00000000000000        290.00000000000000        1.21185506E-10   14.5552320    
   290.00000000000000        300.00000000000000        1.32345065E-10   9.38039398    
   300.00000000000000        310.00000000000000        1.45684562E-10   14.4403849    
   310.00000000000000        320.00000000000000        1.35216074E-10   12.1764984    
   320.00000000000000        330.00000000000000        1.66515329E-10   11.0927391    
   330.00000000000000        340.00000000000000        2.46110382E-10   10.1795940    
   340.00000000000000        350.00000000000000        1.99796402E-10   14.3154936    
   350.00000000000000        360.00000000000000        1.68256617E-10   9.96232700    
   360.00000000000000        370.00000000000000        1.96321015E-10   10.8245764    
   370.00000000000000        380.00000000000000        1.73557890E-10   7.36923361    
   380.00000000000000        390.00000000000000        2.84872459E-10   5.40991068    
   390.00000000000000        400.00000000000000        4.00347894E-10   10.1454830    
   400.00000000000000        400.00000000000000        4.00347894E-10   10.1454830    
