 # Detector n: 1D Projection
   41.000000000000000        42.000000000000000        7.71377017E-06   2.35541463    
   42.000000000000000        43.000000000000000        6.59818397E-06   1.68647540    
   43.000000000000000        44.000000000000000        5.67425377E-06   1.86515307    
   44.000000000000000        45.000000000000000        4.80450854E-06   1.72722471    
   45.000000000000000        46.000000000000000        4.05143192E-06   2.08271527    
   46.000000000000000        47.000000000000000        3.48143021E-06   1.95624697    
   47.000000000000000        48.000000000000000        3.18647699E-06   2.18383527    
   48.000000000000000        49.000000000000000        2.98796704E-06   2.54504967    
   49.000000000000000        50.000000000000000        2.81015218E-06   2.45500922    
   50.000000000000000        51.000000000000000        2.66241091E-06   2.63956285    
   51.000000000000000        52.000000000000000        2.50786297E-06   2.31504393    
   52.000000000000000        53.000000000000000        2.30696833E-06   2.20689559    
   53.000000000000000        54.000000000000000        2.31323770E-06   2.36601472    
   54.000000000000000        55.000000000000000        2.24295468E-06   3.11601973    
   55.000000000000000        56.000000000000000        2.08584811E-06   2.35320497    
   56.000000000000000        57.000000000000000        2.11870542E-06   2.95587039    
   57.000000000000000        58.000000000000000        1.98060616E-06   2.60337353    
   58.000000000000000        59.000000000000000        1.91198342E-06   2.91283607    
   59.000000000000000        60.000000000000000        1.79783751E-06   2.45789981    
   60.000000000000000        61.000000000000000        1.73602359E-06   3.32518077    
   61.000000000000000        62.000000000000000        1.54486520E-06   2.14176702    
   62.000000000000000        63.000000000000000        1.60253285E-06   2.97692966    
   63.000000000000000        64.000000000000000        1.57304828E-06   2.97269750    
   64.000000000000000        65.000000000000000        1.46853597E-06   3.25077772    
   65.000000000000000        66.000000000000000        1.48143511E-06   3.62794542    
   66.000000000000000        67.000000000000000        1.44527019E-06   4.57369709    
   67.000000000000000        68.000000000000000        1.31007334E-06   2.81201530    
   68.000000000000000        69.000000000000000        1.23980374E-06   2.87195563    
   69.000000000000000        70.000000000000000        1.21598487E-06   2.78651857    
   70.000000000000000        71.000000000000000        1.23558414E-06   4.13768530    
   71.000000000000000        72.000000000000000        1.10786254E-06   3.56946206    
   72.000000000000000        73.000000000000000        1.12860369E-06   3.33774352    
   73.000000000000000        74.000000000000000        1.03708055E-06   2.66606522    
   74.000000000000000        75.000000000000000        1.04100150E-06   4.02688646    
   75.000000000000000        76.000000000000000        9.70390943E-07   3.07352662    
   76.000000000000000        77.000000000000000        9.36813592E-07   3.29563284    
   77.000000000000000        78.000000000000000        8.91517573E-07   3.37452674    
   78.000000000000000        79.000000000000000        8.53032873E-07   3.68984151    
   79.000000000000000        80.000000000000000        8.29431258E-07   4.38657236    
   80.000000000000000        81.000000000000000        8.18860542E-07   3.54105043    
   81.000000000000000        82.000000000000000        7.63925129E-07   3.51050758    
   82.000000000000000        83.000000000000000        7.62784964E-07   3.91264033    
   83.000000000000000        84.000000000000000        6.90906461E-07   4.08130455    
   84.000000000000000        85.000000000000000        6.73602358E-07   3.90280533    
   85.000000000000000        86.000000000000000        7.00827343E-07   3.66410351    
   86.000000000000000        87.000000000000000        6.50493178E-07   3.98555326    
   87.000000000000000        88.000000000000000        6.41128395E-07   4.23014927    
   88.000000000000000        89.000000000000000        6.22747848E-07   5.90771294    
   89.000000000000000        90.000000000000000        5.82327459E-07   4.57583332    
   90.000000000000000        91.000000000000000        5.22817174E-07   3.53862906    
   91.000000000000000        92.000000000000000        5.74938895E-07   5.09831858    
   92.000000000000000        93.000000000000000        4.85042221E-07   4.04679108    
   93.000000000000000        94.000000000000000        5.07918116E-07   4.27669287    
   94.000000000000000        95.000000000000000        4.91538572E-07   4.69179153    
   95.000000000000000        96.000000000000000        4.92255936E-07   4.92939520    
   96.000000000000000        97.000000000000000        4.87654006E-07   5.06866455    
   97.000000000000000        98.000000000000000        4.61709362E-07   4.82823563    
   98.000000000000000        99.000000000000000        4.36280942E-07   4.89325285    
   99.000000000000000        100.00000000000000        3.85743135E-07   3.77591443    
   100.00000000000000        101.00000000000000        3.69506239E-07   3.83192229    
   101.00000000000000        102.00000000000000        3.77136018E-07   4.53412485    
   102.00000000000000        103.00000000000000        3.62296390E-07   4.58986807    
   103.00000000000000        104.00000000000000        3.52336343E-07   4.89995766    
   104.00000000000000        105.00000000000000        3.36389178E-07   4.96432447    
   105.00000000000000        106.00000000000000        3.16725220E-07   5.37518024    
   106.00000000000000        107.00000000000000        3.59357387E-07   5.68971634    
   107.00000000000000        108.00000000000000        3.24295911E-07   4.53962708    
   108.00000000000000        109.00000000000000        3.03057419E-07   5.28745413    
   109.00000000000000        110.00000000000000        2.74866380E-07   3.92594147    
   110.00000000000000        111.00000000000000        3.00186969E-07   7.44910526    
   111.00000000000000        112.00000000000000        2.87312929E-07   5.67839622    
   112.00000000000000        113.00000000000000        2.66228454E-07   4.33386803    
   113.00000000000000        114.00000000000000        2.54853944E-07   4.90092087    
   114.00000000000000        115.00000000000000        2.50757637E-07   4.80656862    
   115.00000000000000        116.00000000000000        2.60933092E-07   5.45241308    
   116.00000000000000        117.00000000000000        2.49180232E-07   4.75735426    
   117.00000000000000        118.00000000000000        2.43670030E-07   6.59791136    
   118.00000000000000        119.00000000000000        2.20243336E-07   5.45383739    
   119.00000000000000        120.00000000000000        1.89779129E-07   4.98570538    
   120.00000000000000        121.00000000000000        2.02370799E-07   4.86855459    
   121.00000000000000        122.00000000000000        2.05557427E-07   5.81155300    
   122.00000000000000        123.00000000000000        1.89933303E-07   6.14192486    
   123.00000000000000        124.00000000000000        2.08784314E-07   6.36379862    
   124.00000000000000        125.00000000000000        1.89015793E-07   5.48282146    
   125.00000000000000        126.00000000000000        1.83006364E-07   5.28831720    
   126.00000000000000        127.00000000000000        1.77889277E-07   10.9013367    
   127.00000000000000        128.00000000000000        1.55507706E-07   5.14027309    
   128.00000000000000        129.00000000000000        1.64020079E-07   4.87334538    
   129.00000000000000        130.00000000000000        1.57253254E-07   5.39369869    
   130.00000000000000        131.00000000000000        1.61847311E-07   7.31811762    
   131.00000000000000        132.00000000000000        1.49450969E-07   5.43790102    
   132.00000000000000        133.00000000000000        1.43464632E-07   6.31933641    
   133.00000000000000        134.00000000000000        1.45711610E-07   5.14533186    
   134.00000000000000        135.00000000000000        1.44444854E-07   6.87850475    
   135.00000000000000        136.00000000000000        1.53834506E-07   8.99689865    
   136.00000000000000        137.00000000000000        1.29049710E-07   7.88747454    
   137.00000000000000        138.00000000000000        1.32651806E-07   6.64566660    
   138.00000000000000        139.00000000000000        1.55163974E-07   8.32482243    
   139.00000000000000        140.00000000000000        1.12738618E-07   6.95863581    
   140.00000000000000        141.00000000000000        1.19843790E-07   7.15217304    
   141.00000000000000        142.00000000000000        1.23989551E-07   8.79740906    
   142.00000000000000        143.00000000000000        1.34197208E-07   9.09196663    
   143.00000000000000        144.00000000000000        1.03279490E-07   6.80502510    
   144.00000000000000        145.00000000000000        1.05395898E-07   6.38468552    
   145.00000000000000        146.00000000000000        1.15192812E-07   8.02902985    
   146.00000000000000        147.00000000000000        1.04156740E-07   7.08948278    
   147.00000000000000        148.00000000000000        1.08022043E-07   6.26697779    
   148.00000000000000        149.00000000000000        9.11608282E-08   10.2367620    
   149.00000000000000        150.00000000000000        8.85699976E-08   5.93773174    
   150.00000000000000        151.00000000000000        8.83755433E-08   5.58094454    
   151.00000000000000        152.00000000000000        8.03083822E-08   7.89999199    
   152.00000000000000        153.00000000000000        8.26626518E-08   6.62381124    
   153.00000000000000        154.00000000000000        8.20729440E-08   7.45056772    
   154.00000000000000        155.00000000000000        7.54594822E-08   5.96704245    
   155.00000000000000        156.00000000000000        8.80753532E-08   7.14208269    
   156.00000000000000        157.00000000000000        7.63497781E-08   7.52459908    
   157.00000000000000        158.00000000000000        7.79298546E-08   11.5041952    
   158.00000000000000        159.00000000000000        8.57845350E-08   9.33308601    
   159.00000000000000        160.00000000000000        7.82213831E-08   8.91159058    
   160.00000000000000        161.00000000000000        7.04731633E-08   8.13310337    
   161.00000000000000        162.00000000000000        7.49487725E-08   8.37922668    
   162.00000000000000        163.00000000000000        7.07795351E-08   8.64800835    
   163.00000000000000        164.00000000000000        7.85237830E-08   11.4667778    
   164.00000000000000        165.00000000000000        6.73737546E-08   7.33874083    
   165.00000000000000        166.00000000000000        6.50800871E-08   9.94667435    
   166.00000000000000        167.00000000000000        7.31129930E-08   13.6569395    
   167.00000000000000        168.00000000000000        5.92438028E-08   6.92691803    
   168.00000000000000        169.00000000000000        6.77201371E-08   14.3988323    
   169.00000000000000        170.00000000000000        7.15349628E-08   13.2030916    
   170.00000000000000        171.00000000000000        4.88636047E-08   7.94573641    
   171.00000000000000        172.00000000000000        5.14394536E-08   7.75089550    
   172.00000000000000        173.00000000000000        4.54987727E-08   5.68691587    
   173.00000000000000        174.00000000000000        5.58497568E-08   9.26224041    
   174.00000000000000        175.00000000000000        4.71965933E-08   7.32716322    
   175.00000000000000        176.00000000000000        5.01861201E-08   10.3298988    
   176.00000000000000        177.00000000000000        4.72113015E-08   7.49800968    
   177.00000000000000        178.00000000000000        4.43370958E-08   9.43905449    
   178.00000000000000        179.00000000000000        5.18181302E-08   11.6303329    
   179.00000000000000        180.00000000000000        3.84327343E-08   9.80091667    
   180.00000000000000        181.00000000000000        4.67921986E-08   12.2974586    
   181.00000000000000        182.00000000000000        3.70897268E-08   7.98278522    
   182.00000000000000        183.00000000000000        4.04173228E-08   8.32540321    
   183.00000000000000        184.00000000000000        4.05499527E-08   15.9565125    
   184.00000000000000        185.00000000000000        3.20037721E-08   6.49811268    
   185.00000000000000        186.00000000000000        3.30625909E-08   8.99629307    
   186.00000000000000        187.00000000000000        3.52781946E-08   10.2018442    
   187.00000000000000        188.00000000000000        2.92834645E-08   7.94572973    
   188.00000000000000        189.00000000000000        3.05128971E-08   11.8026152    
   189.00000000000000        190.00000000000000        2.62742432E-08   7.42921543    
   190.00000000000000        191.00000000000000        2.93917708E-08   11.4632864    
   191.00000000000000        192.00000000000000        2.45811922E-08   10.7793827    
   192.00000000000000        193.00000000000000        2.58670685E-08   9.29745483    
   193.00000000000000        194.00000000000000        3.15550217E-08   12.8508654    
   194.00000000000000        195.00000000000000        3.25643086E-08   18.8488731    
   195.00000000000000        196.00000000000000        2.68334830E-08   10.9729185    
   196.00000000000000        197.00000000000000        2.42850753E-08   12.6094084    
   197.00000000000000        198.00000000000000        2.10772324E-08   9.82937241    
   198.00000000000000        199.00000000000000        2.36418884E-08   20.8490601    
   199.00000000000000        200.00000000000000        2.24087540E-08   12.9208984    
   200.00000000000000        201.00000000000000        2.34495836E-08   13.5568504    
   201.00000000000000        202.00000000000000        1.74630923E-08   8.96604633    
   202.00000000000000        203.00000000000000        1.92427301E-08   10.1365585    
   203.00000000000000        204.00000000000000        1.59767772E-08   10.4870186    
   204.00000000000000        205.00000000000000        2.29217552E-08   12.6554813    
   205.00000000000000        206.00000000000000        2.13916564E-08   13.3540497    
   206.00000000000000        207.00000000000000        1.60349014E-08   14.7040443    
   207.00000000000000        208.00000000000000        1.78068298E-08   10.8502579    
   208.00000000000000        209.00000000000000        1.21924506E-08   9.69342995    
   209.00000000000000        210.00000000000000        1.88813143E-08   22.1640720    
   210.00000000000000        211.00000000000000        1.48425778E-08   20.6439972    
   211.00000000000000        212.00000000000000        1.47104187E-08   12.3761730    
   212.00000000000000        213.00000000000000        1.50108299E-08   16.4288578    
   213.00000000000000        214.00000000000000        1.30338069E-08   19.7618084    
   214.00000000000000        215.00000000000000        1.57053783E-08   15.4479237    
   215.00000000000000        215.00000000000000        1.57053783E-08   15.4479237    
