 # Detector n: 1D Projection
   46.000000000000000        47.000000000000000        3.27706334E-06   3.18838501    
   47.000000000000000        48.000000000000000        2.33511264E-06   2.47010469    
   48.000000000000000        49.000000000000000        1.74948161E-06   3.13726330    
   49.000000000000000        50.000000000000000        1.28217562E-06   3.31096768    
   50.000000000000000        51.000000000000000        1.19446656E-06   4.01913500    
   51.000000000000000        52.000000000000000        9.98740802E-07   4.42502737    
   52.000000000000000        53.000000000000000        9.18923320E-07   4.96200562    
   53.000000000000000        54.000000000000000        7.79959464E-07   3.81519985    
   54.000000000000000        55.000000000000000        8.30360591E-07   5.56840944    
   55.000000000000000        56.000000000000000        7.28185853E-07   4.08311319    
   56.000000000000000        57.000000000000000        6.25840471E-07   4.03587723    
   57.000000000000000        58.000000000000000        5.58039631E-07   3.67329979    
   58.000000000000000        59.000000000000000        6.50346351E-07   6.39573479    
   59.000000000000000        60.000000000000000        5.51239282E-07   4.25742626    
   60.000000000000000        61.000000000000000        5.44145394E-07   6.19933367    
   61.000000000000000        62.000000000000000        5.05623177E-07   6.41243458    
   62.000000000000000        63.000000000000000        5.09897404E-07   5.04030514    
   63.000000000000000        64.000000000000000        4.34034575E-07   4.69820118    
   64.000000000000000        65.000000000000000        4.19694459E-07   5.28357983    
   65.000000000000000        66.000000000000000        4.29115687E-07   5.82439756    
   66.000000000000000        67.000000000000000        4.17061358E-07   6.42787504    
   67.000000000000000        68.000000000000000        3.66629422E-07   4.68712282    
   68.000000000000000        69.000000000000000        3.71167971E-07   4.84356356    
   69.000000000000000        70.000000000000000        3.25171214E-07   4.30273056    
   70.000000000000000        71.000000000000000        3.45430692E-07   4.71774435    
   71.000000000000000        72.000000000000000        2.96786794E-07   5.32262659    
   72.000000000000000        73.000000000000000        3.18044243E-07   5.32149267    
   73.000000000000000        74.000000000000000        2.97901465E-07   5.98300695    
   74.000000000000000        75.000000000000000        2.93782591E-07   5.87960720    
   75.000000000000000        76.000000000000000        2.63354622E-07   5.23789549    
   76.000000000000000        77.000000000000000        2.76828160E-07   5.93024683    
   77.000000000000000        78.000000000000000        2.44889890E-07   5.57578468    
   78.000000000000000        79.000000000000000        2.50909665E-07   6.91910315    
   79.000000000000000        80.000000000000000        2.09080170E-07   5.46443224    
   80.000000000000000        81.000000000000000        2.15896748E-07   5.05744743    
   81.000000000000000        82.000000000000000        1.98192595E-07   4.83082485    
   82.000000000000000        83.000000000000000        1.86736031E-07   6.73603582    
   83.000000000000000        84.000000000000000        1.79222710E-07   4.55378485    
   84.000000000000000        85.000000000000000        1.82347463E-07   8.40288734    
   85.000000000000000        86.000000000000000        1.89741201E-07   9.28774738    
   86.000000000000000        87.000000000000000        1.69245880E-07   6.95514822    
   87.000000000000000        88.000000000000000        1.61179912E-07   5.94919586    
   88.000000000000000        89.000000000000000        1.65204469E-07   7.66754055    
   89.000000000000000        90.000000000000000        1.41567710E-07   6.47268009    
   90.000000000000000        91.000000000000000        1.60670609E-07   7.85224962    
   91.000000000000000        92.000000000000000        1.53647022E-07   7.36974049    
   92.000000000000000        93.000000000000000        1.31584756E-07   6.76776409    
   93.000000000000000        94.000000000000000        1.26212228E-07   5.93014717    
   94.000000000000000        95.000000000000000        1.36046026E-07   8.79923725    
   95.000000000000000        96.000000000000000        1.25676209E-07   7.33208895    
   96.000000000000000        97.000000000000000        1.11342814E-07   6.86224079    
   97.000000000000000        98.000000000000000        1.05822494E-07   6.94753838    
   98.000000000000000        99.000000000000000        1.13497933E-07   9.86213493    
   99.000000000000000        100.00000000000000        1.05397071E-07   7.12074471    
   100.00000000000000        101.00000000000000        1.05711045E-07   8.12645435    
   101.00000000000000        102.00000000000000        1.01551755E-07   9.30189037    
   102.00000000000000        103.00000000000000        1.20445492E-07   9.41431141    
   103.00000000000000        104.00000000000000        1.00598271E-07   9.30521107    
   104.00000000000000        105.00000000000000        8.36471443E-08   7.07081652    
   105.00000000000000        106.00000000000000        9.68360112E-08   12.2671509    
   106.00000000000000        107.00000000000000        9.33187110E-08   15.2375584    
   107.00000000000000        108.00000000000000        8.75551152E-08   12.1322565    
   108.00000000000000        109.00000000000000        7.65603900E-08   8.16659260    
   109.00000000000000        110.00000000000000        7.30719805E-08   13.4106274    
   110.00000000000000        111.00000000000000        6.53365220E-08   6.38799763    
   111.00000000000000        112.00000000000000        6.99880900E-08   10.6027746    
   112.00000000000000        113.00000000000000        7.16965118E-08   10.3912735    
   113.00000000000000        114.00000000000000        5.68506664E-08   6.59253025    
   114.00000000000000        115.00000000000000        5.62070994E-08   8.13581753    
   115.00000000000000        116.00000000000000        4.78901150E-08   6.53934097    
   116.00000000000000        117.00000000000000        4.78360533E-08   6.76531506    
   117.00000000000000        118.00000000000000        6.48696457E-08   15.7400017    
   118.00000000000000        119.00000000000000        5.86350488E-08   17.9766693    
   119.00000000000000        120.00000000000000        5.00639139E-08   7.03967905    
   120.00000000000000        121.00000000000000        4.64875498E-08   9.65079403    
   121.00000000000000        122.00000000000000        4.11105923E-08   7.57261658    
   122.00000000000000        123.00000000000000        4.98634840E-08   12.2380037    
   123.00000000000000        124.00000000000000        4.99813524E-08   11.7448730    
   124.00000000000000        125.00000000000000        4.49475124E-08   11.0063505    
   125.00000000000000        126.00000000000000        4.44387211E-08   16.7042580    
   126.00000000000000        127.00000000000000        3.98828206E-08   8.75974083    
   127.00000000000000        128.00000000000000        3.87848900E-08   7.76631021    
   128.00000000000000        129.00000000000000        3.28821379E-08   8.55978012    
   129.00000000000000        130.00000000000000        3.59661243E-08   12.2464809    
   130.00000000000000        131.00000000000000        3.62143808E-08   9.59141636    
   131.00000000000000        132.00000000000000        4.05649736E-08   35.4412537    
   132.00000000000000        133.00000000000000        3.43983508E-08   11.0961561    
   133.00000000000000        134.00000000000000        3.97822610E-08   18.0672989    
   134.00000000000000        135.00000000000000        2.70321756E-08   7.50662518    
   135.00000000000000        136.00000000000000        3.11299075E-08   15.8932238    
   136.00000000000000        137.00000000000000        4.25911679E-08   19.4062386    
   137.00000000000000        138.00000000000000        3.08628501E-08   11.1977243    
   138.00000000000000        139.00000000000000        3.02342542E-08   15.5332413    
   139.00000000000000        140.00000000000000        2.83323871E-08   21.5640163    
   140.00000000000000        141.00000000000000        2.12052154E-08   8.19612026    
   141.00000000000000        142.00000000000000        2.49140726E-08   10.0595999    
   142.00000000000000        143.00000000000000        3.18790896E-08   23.4655094    
   143.00000000000000        144.00000000000000        2.48084842E-08   12.3472443    
   144.00000000000000        145.00000000000000        2.17897327E-08   11.9386721    
   145.00000000000000        146.00000000000000        1.98932728E-08   9.07529259    
   146.00000000000000        147.00000000000000        2.28998971E-08   13.7025862    
   147.00000000000000        148.00000000000000        1.86865705E-08   8.09195518    
   148.00000000000000        149.00000000000000        1.89119831E-08   8.44962406    
   149.00000000000000        150.00000000000000        1.86585201E-08   12.1229172    
   150.00000000000000        151.00000000000000        1.89265741E-08   10.8179340    
   151.00000000000000        152.00000000000000        2.50298235E-08   15.0090408    
   152.00000000000000        153.00000000000000        1.92361682E-08   11.3256407    
   153.00000000000000        154.00000000000000        1.61330256E-08   8.65618134    
   154.00000000000000        155.00000000000000        1.87021403E-08   16.8675003    
   155.00000000000000        156.00000000000000        2.14969980E-08   13.8790245    
   156.00000000000000        157.00000000000000        1.27754936E-08   9.04500771    
   157.00000000000000        158.00000000000000        1.79221153E-08   10.3278904    
   158.00000000000000        159.00000000000000        2.12771258E-08   22.9481735    
   159.00000000000000        160.00000000000000        3.02252516E-08   26.3849297    
   160.00000000000000        161.00000000000000        1.76712796E-08   19.1305046    
   161.00000000000000        162.00000000000000        1.20678125E-08   10.3766756    
   162.00000000000000        163.00000000000000        2.03526493E-08   24.0499535    
   163.00000000000000        164.00000000000000        1.30698572E-08   10.4036341    
   164.00000000000000        165.00000000000000        1.92660803E-08   27.4513779    
   165.00000000000000        166.00000000000000        1.57018114E-08   15.5141916    
   166.00000000000000        167.00000000000000        1.12091749E-08   9.18368435    
   167.00000000000000        168.00000000000000        1.16369172E-08   13.1608696    
   168.00000000000000        169.00000000000000        1.33630440E-08   12.6021042    
   169.00000000000000        170.00000000000000        1.16914034E-08   9.68884277    
   170.00000000000000        171.00000000000000        9.93095739E-09   13.3664799    
   171.00000000000000        172.00000000000000        1.29965176E-08   14.6676903    
   172.00000000000000        173.00000000000000        9.90742510E-09   12.3800306    
   173.00000000000000        174.00000000000000        1.35703599E-08   16.6454067    
   174.00000000000000        175.00000000000000        1.25689388E-08   17.0892410    
   175.00000000000000        176.00000000000000        1.23855166E-08   33.8858032    
   176.00000000000000        177.00000000000000        1.09814371E-08   19.2403221    
   177.00000000000000        178.00000000000000        8.27458813E-09   18.6977997    
   178.00000000000000        179.00000000000000        8.61144311E-09   17.4802132    
   179.00000000000000        180.00000000000000        1.41132492E-08   19.6667080    
   180.00000000000000        181.00000000000000        1.06942757E-08   17.9911671    
   181.00000000000000        182.00000000000000        9.15034715E-09   13.1060781    
   182.00000000000000        183.00000000000000        7.24933358E-09   11.9163265    
   183.00000000000000        184.00000000000000        1.22768355E-08   31.1762905    
   184.00000000000000        185.00000000000000        7.20631821E-09   14.7053185    
   185.00000000000000        186.00000000000000        8.68293348E-09   23.1449451    
   186.00000000000000        187.00000000000000        7.43425810E-09   15.1461973    
   187.00000000000000        188.00000000000000        7.85399124E-09   24.2594032    
   188.00000000000000        189.00000000000000        4.95062347E-09   11.8207741    
   189.00000000000000        190.00000000000000        6.56801991E-09   37.0065651    
   190.00000000000000        191.00000000000000        6.26161079E-09   13.2006912    
   191.00000000000000        192.00000000000000        8.14853340E-09   24.4739857    
   192.00000000000000        193.00000000000000        7.61635466E-09   18.3355598    
   193.00000000000000        194.00000000000000        5.44179324E-09   16.5947475    
   194.00000000000000        195.00000000000000        6.63263533E-09   20.4063835    
   195.00000000000000        196.00000000000000        5.25618082E-09   13.0003290    
   196.00000000000000        197.00000000000000        3.87477250E-09   13.3622541    
   197.00000000000000        198.00000000000000        4.83126339E-09   17.3890305    
   198.00000000000000        199.00000000000000        4.00028233E-09   17.0142384    
   199.00000000000000        200.00000000000000        4.27802149E-09   12.7685099    
   200.00000000000000        201.00000000000000        3.89410193E-09   18.2805920    
   201.00000000000000        202.00000000000000        3.04768433E-09   12.7786188    
   202.00000000000000        203.00000000000000        3.31566574E-09   10.5566730    
   203.00000000000000        204.00000000000000        3.00150882E-09   18.3617020    
   204.00000000000000        205.00000000000000        3.59226449E-09   15.6942024    
   205.00000000000000        206.00000000000000        3.03466141E-09   16.3289299    
   206.00000000000000        207.00000000000000        7.03206560E-09   65.7895660    
   207.00000000000000        208.00000000000000        3.14559401E-09   25.0061398    
   208.00000000000000        209.00000000000000        2.70142086E-09   15.6730871    
   209.00000000000000        210.00000000000000        2.79575252E-09   14.9605322    
   210.00000000000000        211.00000000000000        4.13762580E-09   31.1077023    
   211.00000000000000        212.00000000000000        5.27110755E-09   29.5068378    
   212.00000000000000        213.00000000000000        2.54511345E-09   21.3924446    
   213.00000000000000        214.00000000000000        2.14105067E-09   16.6807804    
   214.00000000000000        215.00000000000000        4.30488800E-09   17.4811192    
   215.00000000000000        216.00000000000000        3.54983087E-09   32.6217117    
   216.00000000000000        217.00000000000000        2.83908363E-09   19.8238735    
   217.00000000000000        218.00000000000000        2.49098742E-09   14.7732687    
   218.00000000000000        219.00000000000000        1.96644767E-09   15.5849590    
   219.00000000000000        220.00000000000000        1.88557947E-09   18.7548065    
   220.00000000000000        221.00000000000000        3.07672998E-09   16.2069073    
   221.00000000000000        222.00000000000000        2.37628317E-09   15.1807089    
   222.00000000000000        223.00000000000000        2.17349894E-09   14.9989786    
   223.00000000000000        224.00000000000000        1.58627622E-09   19.6659603    
   224.00000000000000        225.00000000000000        1.44745926E-09   17.8942547    
   225.00000000000000        226.00000000000000        1.67658853E-09   19.4721508    
   226.00000000000000        227.00000000000000        1.33116929E-09   15.6961184    
   227.00000000000000        228.00000000000000        1.67236403E-09   20.8451729    
   228.00000000000000        229.00000000000000        2.13071027E-09   26.5621033    
   229.00000000000000        230.00000000000000        1.36553713E-09   26.3418312    
   230.00000000000000        231.00000000000000        9.65661995E-10   19.7456188    
   231.00000000000000        232.00000000000000        1.90970084E-09   22.9189625    
   232.00000000000000        233.00000000000000        1.65103353E-09   32.7788696    
   233.00000000000000        234.00000000000000        2.37713049E-09   24.3626080    
   234.00000000000000        235.00000000000000        1.20013266E-09   27.4331055    
   235.00000000000000        236.00000000000000        1.56432334E-09   25.4872646    
   236.00000000000000        237.00000000000000        1.36638878E-09   27.0634766    
   237.00000000000000        238.00000000000000        1.16248711E-09   21.3291359    
   238.00000000000000        239.00000000000000        1.10852849E-09   26.2570381    
   239.00000000000000        240.00000000000000        1.33654277E-09   49.1472244    
   240.00000000000000        241.00000000000000        1.35629874E-09   22.3032379    
   241.00000000000000        242.00000000000000        4.42213333E-09   82.0536880    
   242.00000000000000        243.00000000000000        1.57386415E-09   25.6747971    
   243.00000000000000        244.00000000000000        1.34242506E-09   22.4215508    
   244.00000000000000        245.00000000000000        6.99312774E-10   22.6767006    
   245.00000000000000        246.00000000000000        7.07049530E-10   20.9290810    
   246.00000000000000        247.00000000000000        7.35786099E-10   34.8375473    
   247.00000000000000        248.00000000000000        1.24429034E-09   30.5062523    
   248.00000000000000        249.00000000000000        7.94714294E-10   19.4440670    
   249.00000000000000        250.00000000000000        6.34386488E-10   21.1947689    
   250.00000000000000        251.00000000000000        5.45186007E-10   23.0020065    
   251.00000000000000        252.00000000000000        7.67421848E-10   33.4471283    
   252.00000000000000        253.00000000000000        7.53082541E-10   25.6366405    
   253.00000000000000        254.00000000000000        4.16841894E-09   64.1292725    
   254.00000000000000        255.00000000000000        1.48163115E-09   43.0614700    
   255.00000000000000        256.00000000000000        3.95451422E-10   36.6943550    
   256.00000000000000        257.00000000000000        6.04225336E-10   30.2270412    
   257.00000000000000        258.00000000000000        5.41306500E-10   29.6908951    
   258.00000000000000        259.00000000000000        5.25963273E-10   35.2476883    
   259.00000000000000        260.00000000000000        4.24926344E-10   28.3494587    
   260.00000000000000        261.00000000000000        9.36227429E-10   35.0760612    
   261.00000000000000        262.00000000000000        4.51310461E-10   26.3538246    
   262.00000000000000        263.00000000000000        5.19852050E-10   24.1155548    
   263.00000000000000        263.00000000000000        5.19852050E-10   24.1155548    
