 # Detector n: 1D Projection
   53.000000000000000        54.000000000000000        1.93850951E-06   4.89471817    
   54.000000000000000        55.000000000000000        1.23835866E-06   2.51415110    
   55.000000000000000        56.000000000000000        7.76245884E-07   2.30499196    
   56.000000000000000        57.000000000000000        5.89259173E-07   3.70969486    
   57.000000000000000        58.000000000000000        4.74833371E-07   3.90884280    
   58.000000000000000        59.000000000000000        3.79597509E-07   3.02432394    
   59.000000000000000        60.000000000000000        3.46694350E-07   5.18168783    
   60.000000000000000        61.000000000000000        2.95074756E-07   4.67804909    
   61.000000000000000        62.000000000000000        2.40577634E-07   4.07976818    
   62.000000000000000        63.000000000000000        2.34405050E-07   5.14097452    
   63.000000000000000        64.000000000000000        2.19641279E-07   5.21068621    
   64.000000000000000        65.000000000000000        1.91200996E-07   5.18012571    
   65.000000000000000        66.000000000000000        1.61002944E-07   5.30498409    
   66.000000000000000        67.000000000000000        1.72196039E-07   5.45794201    
   67.000000000000000        68.000000000000000        1.42713745E-07   4.58639574    
   68.000000000000000        69.000000000000000        1.25130001E-07   4.47765684    
   69.000000000000000        70.000000000000000        1.08564031E-07   5.20238495    
   70.000000000000000        71.000000000000000        1.11549227E-07   6.63362646    
   71.000000000000000        72.000000000000000        1.05636104E-07   7.07234240    
   72.000000000000000        73.000000000000000        9.60332827E-08   5.96922016    
   73.000000000000000        74.000000000000000        9.21641572E-08   6.60764217    
   74.000000000000000        75.000000000000000        7.89893164E-08   5.75133228    
   75.000000000000000        76.000000000000000        8.16347097E-08   7.87481976    
   76.000000000000000        77.000000000000000        6.68960425E-08   6.57351255    
   77.000000000000000        78.000000000000000        8.16665420E-08   9.41885185    
   78.000000000000000        79.000000000000000        6.79633700E-08   7.01693058    
   79.000000000000000        80.000000000000000        7.09441466E-08   7.71179056    
   80.000000000000000        81.000000000000000        6.14751983E-08   10.2162571    
   81.000000000000000        82.000000000000000        4.58542182E-08   7.48706436    
   82.000000000000000        83.000000000000000        4.84099303E-08   8.45390034    
   83.000000000000000        84.000000000000000        6.80836720E-08   23.2304001    
   84.000000000000000        85.000000000000000        5.03203168E-08   11.6330280    
   85.000000000000000        86.000000000000000        5.21762331E-08   17.7013321    
   86.000000000000000        87.000000000000000        4.08340988E-08   7.66547775    
   87.000000000000000        88.000000000000000        3.94072934E-08   8.55023384    
   88.000000000000000        89.000000000000000        3.24562102E-08   8.26332283    
   89.000000000000000        90.000000000000000        3.65011807E-08   8.22786999    
   90.000000000000000        91.000000000000000        2.86826491E-08   7.81093836    
   91.000000000000000        92.000000000000000        2.41261482E-08   6.95040369    
   92.000000000000000        93.000000000000000        2.24130154E-08   7.88319016    
   93.000000000000000        94.000000000000000        2.39618370E-08   8.63019562    
   94.000000000000000        95.000000000000000        2.78987358E-08   9.22891331    
   95.000000000000000        96.000000000000000        2.98832070E-08   15.0078964    
   96.000000000000000        97.000000000000000        2.07947615E-08   8.47084713    
   97.000000000000000        98.000000000000000        1.76522281E-08   10.7242947    
   98.000000000000000        99.000000000000000        1.82814883E-08   13.7730856    
   99.000000000000000        100.00000000000000        1.51688475E-08   10.6926422    
   100.00000000000000        101.00000000000000        2.28233805E-08   15.6320705    
   101.00000000000000        102.00000000000000        1.51074602E-08   14.4861307    
   102.00000000000000        103.00000000000000        1.52649573E-08   17.0826950    
   103.00000000000000        104.00000000000000        1.88853058E-08   20.1710892    
   104.00000000000000        105.00000000000000        1.16579217E-08   10.0601101    
   105.00000000000000        106.00000000000000        1.37324490E-08   8.97268391    
   106.00000000000000        107.00000000000000        1.14399343E-08   8.91007233    
   107.00000000000000        108.00000000000000        1.24464892E-08   9.16467762    
   108.00000000000000        109.00000000000000        1.03937579E-08   13.8083038    
   109.00000000000000        110.00000000000000        1.29765061E-08   15.1768122    
   110.00000000000000        111.00000000000000        1.05002149E-08   23.4468231    
   111.00000000000000        112.00000000000000        1.38795437E-08   42.5590744    
   112.00000000000000        113.00000000000000        8.11090040E-09   10.1430330    
   113.00000000000000        114.00000000000000        1.00054507E-08   18.2495689    
   114.00000000000000        115.00000000000000        9.08932840E-09   17.7212582    
   115.00000000000000        116.00000000000000        5.88655924E-09   10.7669344    
   116.00000000000000        117.00000000000000        6.82073287E-09   11.5454121    
   117.00000000000000        118.00000000000000        8.10629786E-09   9.94911957    
   118.00000000000000        119.00000000000000        8.72753780E-09   16.5594139    
   119.00000000000000        120.00000000000000        7.12495485E-09   14.4293289    
   120.00000000000000        121.00000000000000        7.79199372E-09   17.2749996    
   121.00000000000000        122.00000000000000        4.90970153E-09   9.65848446    
   122.00000000000000        123.00000000000000        4.21321200E-09   9.59880543    
   123.00000000000000        124.00000000000000        5.55679014E-09   11.7874260    
   124.00000000000000        125.00000000000000        4.10390655E-09   10.6324368    
   125.00000000000000        126.00000000000000        5.75923975E-09   11.9471636    
   126.00000000000000        127.00000000000000        5.23830845E-09   13.5144367    
   127.00000000000000        128.00000000000000        5.91097393E-09   19.5685596    
   128.00000000000000        129.00000000000000        4.92552665E-09   27.1853657    
   129.00000000000000        130.00000000000000        4.49713911E-09   16.1572056    
   130.00000000000000        131.00000000000000        7.16192039E-09   25.2982235    
   131.00000000000000        132.00000000000000        4.15946433E-09   13.2757664    
   132.00000000000000        133.00000000000000        2.68317324E-09   11.4103127    
   133.00000000000000        134.00000000000000        3.47502849E-09   16.5952950    
   134.00000000000000        135.00000000000000        5.49802071E-09   19.6639023    
   135.00000000000000        136.00000000000000        3.71849262E-09   19.0759735    
   136.00000000000000        137.00000000000000        3.97805655E-09   20.4050713    
   137.00000000000000        138.00000000000000        2.77889822E-09   17.8549461    
   138.00000000000000        139.00000000000000        3.34678130E-09   10.4990854    
   139.00000000000000        140.00000000000000        3.74593156E-09   12.2511272    
   140.00000000000000        141.00000000000000        2.89132718E-09   14.1940432    
   141.00000000000000        142.00000000000000        2.05150386E-09   12.2600851    
   142.00000000000000        143.00000000000000        4.57484495E-09   25.2347317    
   143.00000000000000        144.00000000000000        2.49188181E-09   21.9135685    
   144.00000000000000        145.00000000000000        3.62154107E-09   32.7151337    
   145.00000000000000        146.00000000000000        1.83173343E-09   10.8109303    
   146.00000000000000        147.00000000000000        2.60286681E-09   22.1633091    
   147.00000000000000        148.00000000000000        2.62971156E-09   27.8471909    
   148.00000000000000        149.00000000000000        2.81055512E-09   41.8704987    
   149.00000000000000        150.00000000000000        1.67700021E-09   15.3890953    
   150.00000000000000        151.00000000000000        2.33619546E-09   55.1340446    
   151.00000000000000        152.00000000000000        1.77718973E-09   15.2561712    
   152.00000000000000        153.00000000000000        2.58528843E-09   14.5581665    
   153.00000000000000        154.00000000000000        1.99681582E-09   15.3904943    
   154.00000000000000        155.00000000000000        1.62239222E-09   15.7709208    
   155.00000000000000        156.00000000000000        3.84909704E-09   18.3378563    
   156.00000000000000        157.00000000000000        1.82076132E-09   14.7173185    
   157.00000000000000        158.00000000000000        1.96732963E-09   25.8916588    
   158.00000000000000        159.00000000000000        1.40449896E-09   13.8646212    
   159.00000000000000        160.00000000000000        1.53506319E-09   17.1591396    
   160.00000000000000        161.00000000000000        1.24228128E-09   13.0513077    
   161.00000000000000        162.00000000000000        2.02847672E-09   13.5235739    
   162.00000000000000        163.00000000000000        2.91191560E-09   19.1056805    
   163.00000000000000        164.00000000000000        2.34300246E-09   51.9107819    
   164.00000000000000        165.00000000000000        1.35891653E-09   50.4370079    
   165.00000000000000        166.00000000000000        3.07031556E-09   48.1821480    
   166.00000000000000        167.00000000000000        1.64309621E-09   16.3706398    
   167.00000000000000        168.00000000000000        1.07764431E-09   19.4684601    
   168.00000000000000        169.00000000000000        1.99785166E-09   21.3281727    
   169.00000000000000        170.00000000000000        1.28081989E-09   17.6793823    
   170.00000000000000        171.00000000000000        1.17022037E-09   15.0299416    
   171.00000000000000        172.00000000000000        1.53013846E-09   26.7712536    
   172.00000000000000        173.00000000000000        1.01228026E-09   17.6401043    
   173.00000000000000        174.00000000000000        1.06416931E-09   20.2758446    
   174.00000000000000        175.00000000000000        2.00641437E-09   28.3195724    
   175.00000000000000        176.00000000000000        1.21106836E-09   20.5984974    
   176.00000000000000        177.00000000000000        1.29866573E-09   31.0067005    
   177.00000000000000        178.00000000000000        6.72486566E-10   14.7299290    
   178.00000000000000        179.00000000000000        1.52383117E-09   22.8327637    
   179.00000000000000        180.00000000000000        8.21840762E-10   16.9661827    
   180.00000000000000        181.00000000000000        1.01495190E-09   17.2090149    
   181.00000000000000        182.00000000000000        4.87463958E-10   15.6493740    
   182.00000000000000        183.00000000000000        8.99613495E-10   30.7432537    
   183.00000000000000        184.00000000000000        1.00854236E-09   34.1038094    
   184.00000000000000        185.00000000000000        8.16413825E-10   17.9099369    
   185.00000000000000        186.00000000000000        5.17238696E-10   18.1941528    
   186.00000000000000        187.00000000000000        9.24058108E-10   25.1225033    
   187.00000000000000        188.00000000000000        6.96138924E-10   23.0684357    
   188.00000000000000        189.00000000000000        6.18672447E-10   22.6792622    
   189.00000000000000        190.00000000000000        7.18794413E-10   30.7608757    
   190.00000000000000        191.00000000000000        8.47954873E-10   21.1947689    
   191.00000000000000        192.00000000000000        1.07636533E-09   18.6097927    
   192.00000000000000        193.00000000000000        4.47015674E-10   23.1427021    
   193.00000000000000        194.00000000000000        4.17018309E-10   18.3698769    
   194.00000000000000        195.00000000000000        9.81237869E-10   27.6665573    
   195.00000000000000        196.00000000000000        4.10985912E-10   24.7667046    
   196.00000000000000        197.00000000000000        5.08835696E-10   27.2916794    
   197.00000000000000        198.00000000000000        5.00583630E-10   25.2594471    
   198.00000000000000        199.00000000000000        9.25212962E-10   46.7489433    
   199.00000000000000        200.00000000000000        3.92382016E-10   28.8271999    
   200.00000000000000        201.00000000000000        3.21007554E-10   29.9361858    
   201.00000000000000        202.00000000000000        4.54187493E-10   23.2046299    
   202.00000000000000        203.00000000000000        3.84188681E-10   24.9403172    
   203.00000000000000        204.00000000000000        4.13534401E-10   20.2089691    
   204.00000000000000        205.00000000000000        6.01050876E-10   35.1742821    
   205.00000000000000        206.00000000000000        3.93612670E-10   20.6671066    
   206.00000000000000        207.00000000000000        2.33237818E-10   30.4732742    
   207.00000000000000        208.00000000000000        6.60757060E-10   32.2780342    
   208.00000000000000        209.00000000000000        2.56454913E-10   25.1811657    
   209.00000000000000        210.00000000000000        2.82054685E-10   16.8486824    
   210.00000000000000        211.00000000000000        2.68174816E-10   49.4464684    
   211.00000000000000        212.00000000000000        5.19628396E-10   37.7042961    
   212.00000000000000        213.00000000000000        2.98974817E-10   30.8120899    
   213.00000000000000        214.00000000000000        4.16862433E-10   24.4470291    
   214.00000000000000        215.00000000000000        1.63180275E-10   21.2225742    
   215.00000000000000        216.00000000000000        2.99809677E-10   23.9433670    
   216.00000000000000        217.00000000000000        2.85333812E-10   21.7399883    
   217.00000000000000        218.00000000000000        2.22535518E-10   21.5516148    
   218.00000000000000        219.00000000000000        2.61901667E-10   31.7667103    
   219.00000000000000        220.00000000000000        1.23653435E-10   35.2811508    
   220.00000000000000        221.00000000000000        2.17522056E-10   30.4876060    
   221.00000000000000        222.00000000000000        1.39277159E-10   56.9313927    
   222.00000000000000        223.00000000000000        2.16960547E-10   44.4095230    
   223.00000000000000        224.00000000000000        4.00029954E-10   35.4377365    
   224.00000000000000        225.00000000000000        2.56971888E-10   26.8946342    
   225.00000000000000        226.00000000000000        3.19603705E-10   29.3801079    
   226.00000000000000        227.00000000000000        1.40404938E-10   30.4111958    
   227.00000000000000        228.00000000000000        2.94169078E-10   28.0547657    
   228.00000000000000        229.00000000000000        2.93548102E-10   38.7740860    
   229.00000000000000        230.00000000000000        3.77849474E-10   28.2429695    
   230.00000000000000        231.00000000000000        1.78441595E-10   31.6139851    
   231.00000000000000        232.00000000000000        3.89843463E-10   26.4451351    
   232.00000000000000        233.00000000000000        3.30995648E-10   32.0883560    
   233.00000000000000        234.00000000000000        7.85722265E-10   98.3120117    
   234.00000000000000        235.00000000000000        2.22207044E-10   42.9219971    
   235.00000000000000        236.00000000000000        4.92085851E-11   29.1840496    
   236.00000000000000        237.00000000000000        1.18208748E-10   25.4679680    
   237.00000000000000        238.00000000000000        7.00622962E-11   44.4606094    
   238.00000000000000        239.00000000000000        9.91142515E-11   47.5215416    
   239.00000000000000        240.00000000000000        1.33892383E-10   31.1373940    
   240.00000000000000        241.00000000000000        8.64996061E-11   32.5455322    
   241.00000000000000        242.00000000000000        7.53132903E-11   44.2645645    
   242.00000000000000        243.00000000000000        1.13358836E-10   43.3697205    
   243.00000000000000        244.00000000000000        1.25378777E-10   50.4951782    
   244.00000000000000        245.00000000000000        1.83269427E-10   29.1258965    
   245.00000000000000        246.00000000000000        4.70073043E-11   36.3357811    
   246.00000000000000        247.00000000000000        6.60029462E-11   37.3548088    
   247.00000000000000        248.00000000000000        1.38060674E-10   47.5070534    
   248.00000000000000        249.00000000000000        9.89805390E-11   45.6772842    
   249.00000000000000        250.00000000000000        6.41848935E-11   40.7253685    
   250.00000000000000        251.00000000000000        1.33289005E-11   43.3339996    
   251.00000000000000        252.00000000000000        4.19360970E-11   72.2290649    
   252.00000000000000        253.00000000000000        1.58494620E-10   50.0019722    
   253.00000000000000        254.00000000000000        2.56321214E-11   85.8007584    
   254.00000000000000        255.00000000000000        5.56585437E-11   46.6688766    
   255.00000000000000        256.00000000000000        1.46002668E-10   49.9508209    
   256.00000000000000        257.00000000000000        5.98380512E-11   57.7318954    
   257.00000000000000        258.00000000000000        4.63557040E-11   132.106476    
   258.00000000000000        259.00000000000000        9.71374925E-11   67.9560089    
   259.00000000000000        260.00000000000000        4.37830085E-11   67.9227753    
   260.00000000000000        261.00000000000000        1.06463158E-10   49.3839531    
   261.00000000000000        262.00000000000000        1.82736465E-10   32.2860641    
   262.00000000000000        263.00000000000000        1.01358734E-10   48.1861076    
   263.00000000000000        263.00000000000000        1.01358734E-10   48.1861076    
