 # Detector n: 1D Projection
   41.000000000000000        42.000000000000000        9.50981666E-06   5.72266674    
   42.000000000000000        43.000000000000000        7.13203826E-06   1.22130573    
   43.000000000000000        44.000000000000000        6.38128677E-06   1.21546662    
   44.000000000000000        45.000000000000000        5.48477738E-06   1.42470956    
   45.000000000000000        46.000000000000000        4.50982225E-06   1.74408126    
   46.000000000000000        47.000000000000000        3.88571925E-06   1.61575210    
   47.000000000000000        48.000000000000000        3.66417885E-06   1.81267536    
   48.000000000000000        49.000000000000000        3.36658036E-06   1.86612368    
   49.000000000000000        50.000000000000000        3.13882788E-06   1.95059943    
   50.000000000000000        51.000000000000000        3.00855345E-06   2.23029160    
   51.000000000000000        52.000000000000000        2.90146977E-06   1.93617249    
   52.000000000000000        53.000000000000000        2.64207529E-06   1.63746238    
   53.000000000000000        54.000000000000000        2.71017825E-06   1.97181869    
   54.000000000000000        55.000000000000000        2.57914689E-06   2.06008625    
   55.000000000000000        56.000000000000000        2.45230467E-06   2.26172924    
   56.000000000000000        57.000000000000000        2.47819935E-06   1.94682801    
   57.000000000000000        58.000000000000000        2.29445072E-06   2.13328624    
   58.000000000000000        59.000000000000000        2.17042202E-06   1.83414495    
   59.000000000000000        60.000000000000000        2.14324177E-06   2.27694893    
   60.000000000000000        61.000000000000000        2.05316042E-06   2.09204769    
   61.000000000000000        62.000000000000000        1.94090649E-06   2.24574494    
   62.000000000000000        63.000000000000000        1.85897079E-06   2.23489261    
   63.000000000000000        64.000000000000000        1.81928169E-06   1.97667313    
   64.000000000000000        65.000000000000000        1.71140152E-06   1.94006228    
   65.000000000000000        66.000000000000000        1.61353796E-06   2.25768948    
   66.000000000000000        67.000000000000000        1.57958777E-06   2.18473506    
   67.000000000000000        68.000000000000000        1.54416671E-06   2.65779471    
   68.000000000000000        69.000000000000000        1.49117159E-06   2.36647034    
   69.000000000000000        70.000000000000000        1.44579178E-06   3.27096701    
   70.000000000000000        71.000000000000000        1.35520293E-06   2.21900892    
   71.000000000000000        72.000000000000000        1.28898751E-06   2.30306125    
   72.000000000000000        73.000000000000000        1.26211160E-06   2.33409500    
   73.000000000000000        74.000000000000000        1.21175492E-06   2.16652489    
   74.000000000000000        75.000000000000000        1.15267392E-06   2.39638662    
   75.000000000000000        76.000000000000000        1.11541692E-06   2.24592209    
   76.000000000000000        77.000000000000000        1.06368611E-06   2.17570806    
   77.000000000000000        78.000000000000000        1.07644587E-06   2.48067164    
   78.000000000000000        79.000000000000000        1.05085905E-06   3.49984121    
   79.000000000000000        80.000000000000000        9.29643420E-07   2.57242751    
   80.000000000000000        81.000000000000000        9.28943166E-07   2.85236073    
   81.000000000000000        82.000000000000000        8.55213614E-07   2.12801147    
   82.000000000000000        83.000000000000000        8.75372393E-07   3.17586374    
   83.000000000000000        84.000000000000000        8.44328952E-07   2.65776515    
   84.000000000000000        85.000000000000000        8.06665014E-07   3.06541920    
   85.000000000000000        86.000000000000000        7.99761210E-07   2.86912107    
   86.000000000000000        87.000000000000000        7.48098898E-07   2.59022903    
   87.000000000000000        88.000000000000000        7.40552309E-07   2.96061587    
   88.000000000000000        89.000000000000000        6.98303211E-07   3.24192858    
   89.000000000000000        90.000000000000000        6.74034311E-07   2.93002748    
   90.000000000000000        91.000000000000000        6.16859268E-07   3.32159066    
   91.000000000000000        92.000000000000000        6.13724978E-07   2.36450911    
   92.000000000000000        93.000000000000000        6.14032558E-07   2.88156271    
   93.000000000000000        94.000000000000000        5.81532163E-07   3.15744328    
   94.000000000000000        95.000000000000000        5.57285830E-07   2.45680285    
   95.000000000000000        96.000000000000000        5.68733526E-07   3.20287132    
   96.000000000000000        97.000000000000000        5.16866919E-07   3.41896868    
   97.000000000000000        98.000000000000000        5.14839996E-07   2.91322780    
   98.000000000000000        99.000000000000000        4.98896213E-07   4.04757977    
   99.000000000000000        100.00000000000000        4.87711759E-07   3.28187823    
   100.00000000000000        101.00000000000000        4.54984189E-07   3.89702392    
   101.00000000000000        102.00000000000000        4.46767814E-07   2.82977867    
   102.00000000000000        103.00000000000000        4.42431286E-07   3.69847417    
   103.00000000000000        104.00000000000000        4.17803989E-07   3.43284988    
   104.00000000000000        105.00000000000000        4.21213883E-07   3.81914639    
   105.00000000000000        106.00000000000000        3.97084392E-07   3.24468470    
   106.00000000000000        107.00000000000000        3.82774630E-07   2.91128182    
   107.00000000000000        108.00000000000000        3.60946700E-07   3.69850445    
   108.00000000000000        109.00000000000000        3.61748818E-07   3.80389619    
   109.00000000000000        110.00000000000000        3.58226885E-07   3.69268465    
   110.00000000000000        111.00000000000000        3.37641183E-07   3.78311825    
   111.00000000000000        112.00000000000000        3.31293307E-07   4.91431618    
   112.00000000000000        113.00000000000000        3.40714962E-07   4.40018129    
   113.00000000000000        114.00000000000000        2.92631086E-07   3.07470679    
   114.00000000000000        115.00000000000000        2.82323299E-07   3.80438042    
   115.00000000000000        116.00000000000000        3.01783160E-07   4.22054338    
   116.00000000000000        117.00000000000000        2.79362268E-07   3.08861780    
   117.00000000000000        118.00000000000000        2.68604254E-07   3.76713753    
   118.00000000000000        119.00000000000000        2.54600366E-07   3.87719584    
   119.00000000000000        120.00000000000000        2.45121299E-07   4.37105942    
   120.00000000000000        121.00000000000000        2.43135446E-07   3.79055142    
   121.00000000000000        122.00000000000000        2.49051539E-07   4.07339144    
   122.00000000000000        123.00000000000000        2.57321744E-07   5.70184469    
   123.00000000000000        124.00000000000000        2.46145987E-07   5.38370514    
   124.00000000000000        125.00000000000000        2.28921394E-07   3.19925809    
   125.00000000000000        126.00000000000000        2.22791954E-07   3.90348506    
   126.00000000000000        127.00000000000000        2.00837320E-07   3.32941294    
   127.00000000000000        128.00000000000000        2.08974171E-07   3.98031020    
   128.00000000000000        129.00000000000000        2.02224868E-07   5.47208357    
   129.00000000000000        130.00000000000000        1.98628030E-07   5.23041534    
   130.00000000000000        131.00000000000000        1.90269972E-07   4.67737818    
   131.00000000000000        132.00000000000000        1.96576110E-07   4.35789251    
   132.00000000000000        133.00000000000000        1.82969316E-07   4.84847927    
   133.00000000000000        134.00000000000000        1.65336132E-07   4.59934425    
   134.00000000000000        135.00000000000000        1.61277811E-07   3.40923738    
   135.00000000000000        136.00000000000000        1.66550862E-07   5.69249582    
   136.00000000000000        137.00000000000000        1.57566973E-07   3.77525282    
   137.00000000000000        138.00000000000000        1.56679221E-07   4.47074032    
   138.00000000000000        139.00000000000000        1.58976874E-07   7.28191233    
   139.00000000000000        140.00000000000000        1.49305606E-07   5.74079752    
   140.00000000000000        141.00000000000000        1.40638846E-07   4.07162809    
   141.00000000000000        142.00000000000000        1.37978219E-07   3.63024330    
   142.00000000000000        143.00000000000000        1.25787849E-07   3.72927666    
   143.00000000000000        144.00000000000000        1.39761966E-07   6.41692781    
   144.00000000000000        145.00000000000000        1.33493202E-07   5.32956409    
   145.00000000000000        146.00000000000000        1.24704428E-07   4.83815289    
   146.00000000000000        147.00000000000000        1.12410738E-07   3.80862021    
   147.00000000000000        148.00000000000000        1.22111715E-07   4.50331736    
   148.00000000000000        149.00000000000000        1.07824832E-07   4.26012659    
   149.00000000000000        150.00000000000000        1.17577180E-07   4.47215891    
   150.00000000000000        151.00000000000000        1.15781781E-07   4.90316057    
   151.00000000000000        152.00000000000000        1.26388613E-07   6.16961336    
   152.00000000000000        153.00000000000000        1.00298713E-07   4.69788837    
   153.00000000000000        154.00000000000000        1.04345006E-07   4.71150064    
   154.00000000000000        155.00000000000000        9.51688079E-08   4.21196842    
   155.00000000000000        156.00000000000000        1.02611814E-07   7.86982489    
   156.00000000000000        157.00000000000000        9.12115539E-08   5.63149214    
   157.00000000000000        158.00000000000000        9.91864084E-08   5.19896698    
   158.00000000000000        159.00000000000000        9.29725843E-08   4.91607141    
   159.00000000000000        160.00000000000000        8.66665602E-08   6.30467749    
   160.00000000000000        161.00000000000000        9.64927338E-08   6.22383595    
   161.00000000000000        162.00000000000000        8.00627404E-08   3.86046290    
   162.00000000000000        163.00000000000000        8.04228293E-08   5.80397034    
   163.00000000000000        164.00000000000000        7.81113201E-08   4.72902393    
   164.00000000000000        165.00000000000000        7.98937947E-08   4.95044804    
   165.00000000000000        166.00000000000000        7.84586547E-08   7.31909943    
   166.00000000000000        167.00000000000000        7.32332310E-08   5.97936583    
   167.00000000000000        168.00000000000000        7.58428982E-08   5.20308018    
   168.00000000000000        169.00000000000000        7.50309894E-08   5.61139059    
   169.00000000000000        170.00000000000000        7.47329310E-08   5.87762499    
   170.00000000000000        171.00000000000000        7.26477651E-08   6.25615883    
   171.00000000000000        172.00000000000000        7.32371888E-08   9.33233166    
   172.00000000000000        173.00000000000000        6.38087698E-08   5.46530914    
   173.00000000000000        174.00000000000000        5.64635023E-08   4.16413927    
   174.00000000000000        175.00000000000000        6.61298998E-08   5.67725515    
   175.00000000000000        176.00000000000000        6.11125941E-08   5.39211130    
   176.00000000000000        177.00000000000000        6.44453237E-08   7.68222284    
   177.00000000000000        178.00000000000000        4.87583875E-08   4.90776730    
   178.00000000000000        179.00000000000000        5.69711638E-08   8.59223557    
   179.00000000000000        180.00000000000000        4.68676298E-08   4.51921844    
   180.00000000000000        181.00000000000000        5.61590774E-08   6.48727942    
   181.00000000000000        182.00000000000000        4.86801532E-08   5.86171341    
   182.00000000000000        183.00000000000000        4.75028514E-08   8.01926041    
   183.00000000000000        184.00000000000000        4.41150014E-08   7.99132967    
   184.00000000000000        185.00000000000000        4.47903652E-08   5.26748657    
   185.00000000000000        186.00000000000000        4.19042046E-08   8.13725853    
   186.00000000000000        187.00000000000000        4.43454944E-08   14.6235552    
   187.00000000000000        188.00000000000000        3.94614084E-08   6.10166168    
   188.00000000000000        189.00000000000000        3.77925709E-08   6.18086243    
   189.00000000000000        190.00000000000000        3.69007154E-08   8.65460396    
   190.00000000000000        191.00000000000000        4.17211403E-08   7.41405487    
   191.00000000000000        192.00000000000000        3.64027564E-08   8.18945599    
   192.00000000000000        193.00000000000000        3.31340928E-08   10.0064096    
   193.00000000000000        194.00000000000000        3.10135171E-08   6.06753302    
   194.00000000000000        195.00000000000000        3.04502237E-08   6.29261112    
   195.00000000000000        196.00000000000000        2.81705557E-08   6.68178129    
   196.00000000000000        197.00000000000000        2.60326480E-08   7.63428783    
   197.00000000000000        198.00000000000000        3.01121865E-08   7.88359404    
   198.00000000000000        199.00000000000000        2.44861873E-08   9.08532906    
   199.00000000000000        200.00000000000000        2.42804603E-08   10.0940104    
   200.00000000000000        201.00000000000000        2.20977654E-08   8.48937225    
   201.00000000000000        202.00000000000000        2.24912089E-08   7.75284767    
   202.00000000000000        203.00000000000000        2.06932267E-08   7.39434147    
   203.00000000000000        204.00000000000000        2.77234289E-08   11.0395050    
   204.00000000000000        205.00000000000000        2.26681856E-08   8.34728146    
   205.00000000000000        206.00000000000000        1.96802024E-08   11.2920065    
   206.00000000000000        207.00000000000000        1.80465545E-08   9.40924168    
   207.00000000000000        208.00000000000000        2.02753476E-08   8.11096382    
   208.00000000000000        209.00000000000000        1.86477465E-08   9.81591511    
   209.00000000000000        210.00000000000000        1.74685919E-08   6.90207243    
   210.00000000000000        211.00000000000000        1.86921660E-08   12.7191019    
   211.00000000000000        212.00000000000000        1.80704411E-08   11.1815090    
   212.00000000000000        213.00000000000000        1.65043463E-08   6.92044735    
   213.00000000000000        214.00000000000000        1.74969195E-08   16.5960407    
   214.00000000000000        215.00000000000000        1.33004487E-08   6.65307999    
   215.00000000000000        215.00000000000000        1.33004487E-08   6.65307999    
