 # Detector n: 1D Projection
   46.000000000000000        47.000000000000000        2.77257868E-06   2.68111706    
   47.000000000000000        48.000000000000000        2.78052357E-06   1.83652914    
   48.000000000000000        49.000000000000000        2.03982677E-06   2.40171123    
   49.000000000000000        50.000000000000000        1.56709041E-06   1.94238985    
   50.000000000000000        51.000000000000000        1.29289288E-06   2.95403290    
   51.000000000000000        52.000000000000000        1.03284935E-06   2.45947123    
   52.000000000000000        53.000000000000000        9.34843229E-07   2.54202056    
   53.000000000000000        54.000000000000000        8.37272182E-07   2.80967355    
   54.000000000000000        55.000000000000000        7.70259987E-07   3.89231372    
   55.000000000000000        56.000000000000000        6.42250598E-07   3.66301465    
   56.000000000000000        57.000000000000000        6.02767727E-07   2.88138890    
   57.000000000000000        58.000000000000000        6.21563629E-07   4.63666487    
   58.000000000000000        59.000000000000000        5.59614193E-07   2.78260684    
   59.000000000000000        60.000000000000000        5.21247387E-07   3.92600369    
   60.000000000000000        61.000000000000000        5.14587327E-07   4.85196018    
   61.000000000000000        62.000000000000000        4.84497946E-07   5.24868393    
   62.000000000000000        63.000000000000000        4.54710658E-07   3.58309197    
   63.000000000000000        64.000000000000000        4.24085357E-07   4.54077387    
   64.000000000000000        65.000000000000000        4.16364202E-07   5.87377453    
   65.000000000000000        66.000000000000000        3.86470418E-07   3.43967414    
   66.000000000000000        67.000000000000000        3.48001208E-07   3.62048006    
   67.000000000000000        68.000000000000000        3.29734434E-07   3.51239634    
   68.000000000000000        69.000000000000000        3.39378545E-07   4.06683397    
   69.000000000000000        70.000000000000000        3.16142490E-07   3.40179396    
   70.000000000000000        71.000000000000000        3.09823889E-07   6.40531015    
   71.000000000000000        72.000000000000000        2.85907333E-07   4.73481655    
   72.000000000000000        73.000000000000000        2.90777933E-07   4.77131367    
   73.000000000000000        74.000000000000000        2.77880446E-07   5.08042145    
   74.000000000000000        75.000000000000000        2.71890087E-07   5.58396482    
   75.000000000000000        76.000000000000000        2.38711408E-07   5.11372089    
   76.000000000000000        77.000000000000000        2.28713489E-07   4.23503017    
   77.000000000000000        78.000000000000000        2.16891706E-07   4.74741793    
   78.000000000000000        79.000000000000000        2.09092249E-07   5.49216127    
   79.000000000000000        80.000000000000000        2.06876607E-07   7.40879011    
   80.000000000000000        81.000000000000000        1.94964585E-07   5.37858200    
   81.000000000000000        82.000000000000000        2.06270059E-07   6.54552555    
   82.000000000000000        83.000000000000000        2.04151291E-07   7.58277988    
   83.000000000000000        84.000000000000000        1.59550083E-07   4.50153494    
   84.000000000000000        85.000000000000000        1.47640534E-07   4.61075401    
   85.000000000000000        86.000000000000000        1.47788484E-07   5.17737436    
   86.000000000000000        87.000000000000000        1.66583220E-07   6.49339628    
   87.000000000000000        88.000000000000000        1.56408191E-07   9.69307995    
   88.000000000000000        89.000000000000000        1.49795099E-07   6.77365494    
   89.000000000000000        90.000000000000000        1.46599476E-07   8.00282288    
   90.000000000000000        91.000000000000000        1.45148491E-07   6.90650797    
   91.000000000000000        92.000000000000000        1.12697641E-07   5.27114248    
   92.000000000000000        93.000000000000000        1.30545970E-07   7.74445534    
   93.000000000000000        94.000000000000000        1.35802878E-07   6.18385506    
   94.000000000000000        95.000000000000000        1.14277128E-07   5.34667921    
   95.000000000000000        96.000000000000000        1.16214871E-07   9.40029144    
   96.000000000000000        97.000000000000000        1.06760304E-07   6.85844564    
   97.000000000000000        98.000000000000000        9.94725227E-08   5.31850863    
   98.000000000000000        99.000000000000000        8.99620218E-08   5.28022671    
   99.000000000000000        100.00000000000000        9.89448665E-08   7.19542599    
   100.00000000000000        101.00000000000000        9.81615855E-08   8.20824718    
   101.00000000000000        102.00000000000000        8.63760832E-08   5.36514616    
   102.00000000000000        103.00000000000000        8.17055437E-08   5.35298347    
   103.00000000000000        104.00000000000000        8.70623609E-08   7.49774408    
   104.00000000000000        105.00000000000000        8.41179357E-08   6.63394165    
   105.00000000000000        106.00000000000000        8.18070802E-08   7.45321608    
   106.00000000000000        107.00000000000000        6.86577337E-08   6.43529797    
   107.00000000000000        108.00000000000000        7.37004910E-08   6.12613964    
   108.00000000000000        109.00000000000000        6.27591206E-08   5.34964037    
   109.00000000000000        110.00000000000000        7.29720142E-08   8.11491871    
   110.00000000000000        111.00000000000000        5.96485634E-08   7.20273685    
   111.00000000000000        112.00000000000000        6.28607779E-08   7.77760744    
   112.00000000000000        113.00000000000000        5.91721339E-08   6.18929434    
   113.00000000000000        114.00000000000000        6.44258904E-08   8.80898476    
   114.00000000000000        115.00000000000000        5.56355815E-08   8.48011303    
   115.00000000000000        116.00000000000000        5.41066427E-08   11.2698212    
   116.00000000000000        117.00000000000000        4.95020771E-08   8.12819099    
   117.00000000000000        118.00000000000000        5.26470281E-08   10.1119900    
   118.00000000000000        119.00000000000000        5.79024970E-08   19.7869015    
   119.00000000000000        120.00000000000000        4.06631209E-08   5.61939955    
   120.00000000000000        121.00000000000000        4.44774102E-08   7.59127665    
   121.00000000000000        122.00000000000000        4.58716052E-08   9.17790413    
   122.00000000000000        123.00000000000000        3.97348643E-08   6.32948875    
   123.00000000000000        124.00000000000000        3.88187864E-08   8.13198471    
   124.00000000000000        125.00000000000000        3.95318338E-08   6.97850752    
   125.00000000000000        126.00000000000000        3.49571323E-08   7.17786121    
   126.00000000000000        127.00000000000000        4.14964170E-08   8.48688030    
   127.00000000000000        128.00000000000000        3.54040779E-08   7.04129267    
   128.00000000000000        129.00000000000000        3.59486378E-08   8.41585350    
   129.00000000000000        130.00000000000000        3.31398091E-08   9.31336689    
   130.00000000000000        131.00000000000000        2.98947676E-08   11.6565008    
   131.00000000000000        132.00000000000000        2.46273437E-08   7.09585094    
   132.00000000000000        133.00000000000000        2.17824674E-08   5.56139898    
   133.00000000000000        134.00000000000000        3.50694584E-08   12.1457701    
   134.00000000000000        135.00000000000000        2.68596825E-08   10.7783527    
   135.00000000000000        136.00000000000000        2.65513407E-08   7.01851416    
   136.00000000000000        137.00000000000000        2.82325203E-08   7.80586910    
   137.00000000000000        138.00000000000000        2.36624302E-08   12.0511637    
   138.00000000000000        139.00000000000000        2.08094644E-08   5.79999590    
   139.00000000000000        140.00000000000000        1.95306704E-08   6.61178303    
   140.00000000000000        141.00000000000000        1.89760616E-08   7.50354958    
   141.00000000000000        142.00000000000000        2.82281061E-08   14.4617472    
   142.00000000000000        143.00000000000000        2.37354225E-08   12.7681808    
   143.00000000000000        144.00000000000000        2.15028564E-08   8.00069714    
   144.00000000000000        145.00000000000000        2.45283651E-08   7.95818710    
   145.00000000000000        146.00000000000000        2.12906421E-08   6.80496168    
   146.00000000000000        147.00000000000000        2.17594618E-08   8.71247387    
   147.00000000000000        148.00000000000000        1.96040606E-08   10.2052097    
   148.00000000000000        149.00000000000000        2.11429843E-08   11.7368927    
   149.00000000000000        150.00000000000000        2.21101715E-08   10.8745489    
   150.00000000000000        151.00000000000000        1.96179855E-08   11.8552752    
   151.00000000000000        152.00000000000000        1.53923505E-08   6.50410128    
   152.00000000000000        153.00000000000000        1.97010124E-08   13.8979807    
   153.00000000000000        154.00000000000000        1.28779885E-08   8.03358555    
   154.00000000000000        155.00000000000000        1.92166159E-08   11.3534250    
   155.00000000000000        156.00000000000000        1.81939939E-08   25.7981472    
   156.00000000000000        157.00000000000000        1.35758977E-08   7.72033787    
   157.00000000000000        158.00000000000000        1.63838436E-08   12.1062231    
   158.00000000000000        159.00000000000000        1.33753746E-08   6.94103909    
   159.00000000000000        160.00000000000000        1.60765339E-08   11.3713665    
   160.00000000000000        161.00000000000000        1.31214586E-08   11.1275520    
   161.00000000000000        162.00000000000000        1.08905507E-08   6.72113895    
   162.00000000000000        163.00000000000000        1.25147990E-08   7.45707321    
   163.00000000000000        164.00000000000000        1.00351620E-08   9.46248055    
   164.00000000000000        165.00000000000000        1.39056340E-08   11.1291189    
   165.00000000000000        166.00000000000000        1.44476413E-08   12.9544277    
   166.00000000000000        167.00000000000000        9.33588140E-09   9.56199646    
   167.00000000000000        168.00000000000000        1.17558692E-08   9.35673523    
   168.00000000000000        169.00000000000000        1.02797264E-08   16.8818951    
   169.00000000000000        170.00000000000000        1.00140989E-08   8.08464432    
   170.00000000000000        171.00000000000000        9.18322662E-09   13.7131510    
   171.00000000000000        172.00000000000000        7.45034878E-09   7.38717556    
   172.00000000000000        173.00000000000000        9.45946432E-09   13.5003281    
   173.00000000000000        174.00000000000000        1.10972529E-08   14.6573153    
   174.00000000000000        175.00000000000000        9.43499234E-09   13.4912090    
   175.00000000000000        176.00000000000000        9.35961708E-09   10.8711739    
   176.00000000000000        177.00000000000000        8.38834335E-09   17.9146061    
   177.00000000000000        178.00000000000000        7.05031011E-09   10.7132530    
   178.00000000000000        179.00000000000000        9.28140853E-09   19.0829315    
   179.00000000000000        180.00000000000000        7.58574448E-09   15.9195843    
   180.00000000000000        181.00000000000000        1.11918794E-08   23.8470726    
   181.00000000000000        182.00000000000000        8.95582897E-09   18.5326614    
   182.00000000000000        183.00000000000000        6.42357634E-09   9.12677383    
   183.00000000000000        184.00000000000000        6.05795591E-09   7.47620296    
   184.00000000000000        185.00000000000000        7.29191951E-09   8.80415630    
   185.00000000000000        186.00000000000000        6.34192743E-09   12.8689556    
   186.00000000000000        187.00000000000000        6.41330322E-09   12.5900583    
   187.00000000000000        188.00000000000000        8.23650037E-09   15.9697552    
   188.00000000000000        189.00000000000000        6.99904890E-09   18.5978928    
   189.00000000000000        190.00000000000000        6.03046235E-09   32.8523331    
   190.00000000000000        191.00000000000000        5.77917048E-09   9.94366360    
   191.00000000000000        192.00000000000000        6.47213572E-09   16.5155754    
   192.00000000000000        193.00000000000000        6.11312201E-09   14.6171675    
   193.00000000000000        194.00000000000000        8.10262168E-09   28.0258217    
   194.00000000000000        195.00000000000000        5.06252817E-09   11.1113453    
   195.00000000000000        196.00000000000000        1.02367208E-08   35.2667313    
   196.00000000000000        197.00000000000000        4.09041334E-09   18.2411366    
   197.00000000000000        198.00000000000000        4.76341055E-09   17.4763374    
   198.00000000000000        199.00000000000000        5.37994449E-09   20.0680313    
   199.00000000000000        200.00000000000000        7.39544381E-09   20.3706589    
   200.00000000000000        201.00000000000000        4.01150357E-09   15.4940023    
   201.00000000000000        202.00000000000000        3.85083121E-09   12.3739462    
   202.00000000000000        203.00000000000000        4.22754098E-09   12.2253227    
   203.00000000000000        204.00000000000000        3.85267418E-09   11.2753334    
   204.00000000000000        205.00000000000000        3.36328809E-09   13.4587765    
   205.00000000000000        206.00000000000000        3.06209924E-09   14.7734318    
   206.00000000000000        207.00000000000000        3.35824812E-09   13.1070290    
   207.00000000000000        208.00000000000000        4.97512609E-09   22.4487019    
   208.00000000000000        209.00000000000000        2.89216007E-09   14.3594961    
   209.00000000000000        210.00000000000000        2.69372791E-09   12.1645365    
   210.00000000000000        211.00000000000000        3.39412165E-09   10.3010054    
   211.00000000000000        212.00000000000000        2.16801355E-09   13.7485485    
   212.00000000000000        213.00000000000000        4.32884750E-09   18.6150379    
   213.00000000000000        214.00000000000000        4.09557055E-09   22.5151920    
   214.00000000000000        215.00000000000000        3.46952311E-09   28.1173267    
   215.00000000000000        216.00000000000000        2.24709540E-09   10.3579683    
   216.00000000000000        217.00000000000000        2.81444268E-09   28.3128529    
   217.00000000000000        218.00000000000000        4.14543955E-09   22.2427635    
   218.00000000000000        219.00000000000000        2.30065966E-09   13.3038235    
   219.00000000000000        220.00000000000000        2.16581064E-09   21.7959099    
   220.00000000000000        221.00000000000000        2.67784550E-09   19.1342831    
   221.00000000000000        222.00000000000000        2.26855734E-09   16.9825687    
   222.00000000000000        223.00000000000000        1.84779447E-09   13.3490515    
   223.00000000000000        224.00000000000000        4.33610570E-09   26.7338486    
   224.00000000000000        225.00000000000000        1.59951330E-09   18.1253662    
   225.00000000000000        226.00000000000000        2.24310548E-09   15.1203890    
   226.00000000000000        227.00000000000000        2.15496931E-09   41.1252785    
   227.00000000000000        228.00000000000000        1.35079092E-09   16.5640793    
   228.00000000000000        229.00000000000000        1.54491542E-09   18.4626865    
   229.00000000000000        230.00000000000000        1.38160372E-09   25.8859787    
   230.00000000000000        231.00000000000000        1.34746914E-09   22.6406078    
   231.00000000000000        232.00000000000000        1.42680256E-09   20.5961399    
   232.00000000000000        233.00000000000000        9.44742284E-10   14.9533987    
   233.00000000000000        234.00000000000000        1.95644079E-09   26.5304050    
   234.00000000000000        235.00000000000000        1.56773106E-09   69.8488159    
   235.00000000000000        236.00000000000000        1.37353928E-09   17.2438660    
   236.00000000000000        237.00000000000000        1.11247667E-09   14.5749092    
   237.00000000000000        238.00000000000000        1.61423841E-09   73.6119461    
   238.00000000000000        239.00000000000000        2.03467487E-09   34.8337784    
   239.00000000000000        240.00000000000000        1.18293852E-09   23.4344940    
   240.00000000000000        241.00000000000000        1.01680708E-09   19.1567287    
   241.00000000000000        242.00000000000000        7.77249709E-10   46.5173645    
   242.00000000000000        243.00000000000000        1.21481969E-09   19.1182594    
   243.00000000000000        244.00000000000000        8.97007635E-10   17.9130383    
   244.00000000000000        245.00000000000000        9.01646868E-10   24.2184544    
   245.00000000000000        246.00000000000000        7.28522964E-10   17.8111019    
   246.00000000000000        247.00000000000000        1.51857671E-09   25.5118847    
   247.00000000000000        248.00000000000000        1.36368450E-09   23.2261105    
   248.00000000000000        249.00000000000000        1.56473212E-09   72.4250641    
   249.00000000000000        250.00000000000000        5.61796998E-10   16.9129906    
   250.00000000000000        251.00000000000000        6.64523325E-10   18.6272049    
   251.00000000000000        252.00000000000000        8.26912316E-10   17.0152512    
   252.00000000000000        253.00000000000000        8.26848812E-10   41.6246376    
   253.00000000000000        254.00000000000000        7.21030180E-10   23.1693096    
   254.00000000000000        255.00000000000000        4.99584207E-10   23.6950207    
   255.00000000000000        256.00000000000000        4.23315744E-10   17.6093483    
   256.00000000000000        257.00000000000000        7.43111239E-10   30.4490414    
   257.00000000000000        258.00000000000000        5.08517950E-10   15.4321213    
   258.00000000000000        259.00000000000000        8.26090252E-10   20.3737640    
   259.00000000000000        260.00000000000000        5.88909477E-10   26.5603294    
   260.00000000000000        261.00000000000000        3.05291264E-10   22.2543392    
   261.00000000000000        262.00000000000000        8.16144818E-10   23.0249519    
   262.00000000000000        263.00000000000000        4.57645255E-10   27.8664017    
   263.00000000000000        263.00000000000000        4.57645255E-10   27.8664017    
