 # Detector n: 1D Projection
   44.000000000000000        45.000000000000000        3.82065627E-06   3.01922798    
   45.000000000000000        46.000000000000000        3.35215805E-06   1.63297677    
   46.000000000000000        47.000000000000000        2.68496092E-06   1.87764704    
   47.000000000000000        48.000000000000000        2.31571698E-06   2.51727676    
   48.000000000000000        49.000000000000000        1.92533844E-06   1.85865438    
   49.000000000000000        50.000000000000000        1.71323927E-06   2.96264005    
   50.000000000000000        51.000000000000000        1.70366752E-06   4.36465454    
   51.000000000000000        52.000000000000000        1.47487560E-06   2.17800927    
   52.000000000000000        53.000000000000000        1.41850944E-06   2.22946954    
   53.000000000000000        54.000000000000000        1.36905157E-06   2.93903065    
   54.000000000000000        55.000000000000000        1.23377276E-06   2.96136308    
   55.000000000000000        56.000000000000000        1.20805714E-06   2.51004863    
   56.000000000000000        57.000000000000000        1.11067493E-06   2.45025396    
   57.000000000000000        58.000000000000000        1.02606828E-06   3.01407290    
   58.000000000000000        59.000000000000000        1.06075868E-06   3.44782090    
   59.000000000000000        60.000000000000000        9.99458393E-07   2.82297635    
   60.000000000000000        61.000000000000000        9.59758154E-07   2.49567151    
   61.000000000000000        62.000000000000000        9.06068067E-07   2.88709354    
   62.000000000000000        63.000000000000000        9.10296478E-07   3.06569886    
   63.000000000000000        64.000000000000000        8.72097587E-07   3.29722762    
   64.000000000000000        65.000000000000000        8.17091347E-07   2.48745966    
   65.000000000000000        66.000000000000000        8.03677267E-07   2.53621030    
   66.000000000000000        67.000000000000000        7.65929428E-07   2.98079872    
   67.000000000000000        68.000000000000000        7.07742572E-07   3.20432520    
   68.000000000000000        69.000000000000000        6.78869128E-07   2.70826554    
   69.000000000000000        70.000000000000000        6.51165067E-07   3.25588894    
   70.000000000000000        71.000000000000000        6.30051147E-07   3.20835781    
   71.000000000000000        72.000000000000000        6.56615896E-07   3.58447886    
   72.000000000000000        73.000000000000000        5.93564209E-07   3.86781216    
   73.000000000000000        74.000000000000000        5.37739027E-07   2.63434529    
   74.000000000000000        75.000000000000000        5.28256805E-07   3.75169635    
   75.000000000000000        76.000000000000000        5.18187846E-07   2.77735806    
   76.000000000000000        77.000000000000000        5.31181172E-07   4.65757799    
   77.000000000000000        78.000000000000000        4.66610118E-07   2.84764719    
   78.000000000000000        79.000000000000000        4.55465994E-07   3.91554689    
   79.000000000000000        80.000000000000000        4.20389057E-07   3.09080577    
   80.000000000000000        81.000000000000000        4.29476017E-07   3.95032573    
   81.000000000000000        82.000000000000000        4.31130161E-07   4.07210684    
   82.000000000000000        83.000000000000000        3.99250268E-07   3.46260929    
   83.000000000000000        84.000000000000000        3.61502543E-07   4.14063692    
   84.000000000000000        85.000000000000000        3.45710561E-07   3.42138028    
   85.000000000000000        86.000000000000000        3.54949435E-07   6.33319187    
   86.000000000000000        87.000000000000000        3.52839493E-07   4.17053795    
   87.000000000000000        88.000000000000000        3.33426897E-07   3.74008369    
   88.000000000000000        89.000000000000000        3.33463731E-07   5.84088755    
   89.000000000000000        90.000000000000000        3.35073310E-07   4.85107470    
   90.000000000000000        91.000000000000000        3.08161077E-07   5.81979084    
   91.000000000000000        92.000000000000000        2.73897172E-07   3.12054539    
   92.000000000000000        93.000000000000000        2.67658123E-07   3.41039038    
   93.000000000000000        94.000000000000000        2.84087832E-07   3.52708840    
   94.000000000000000        95.000000000000000        2.63041528E-07   3.58787060    
   95.000000000000000        96.000000000000000        2.47197164E-07   3.69496274    
   96.000000000000000        97.000000000000000        2.55681158E-07   5.34910345    
   97.000000000000000        98.000000000000000        2.41759835E-07   3.93928361    
   98.000000000000000        99.000000000000000        2.24007891E-07   4.37244511    
   99.000000000000000        100.00000000000000        2.20414407E-07   4.42920971    
   100.00000000000000        101.00000000000000        2.12380485E-07   5.70783281    
   101.00000000000000        102.00000000000000        2.05747810E-07   4.06374836    
   102.00000000000000        103.00000000000000        1.94195536E-07   3.25771952    
   103.00000000000000        104.00000000000000        2.00938501E-07   4.11707306    
   104.00000000000000        105.00000000000000        1.79143115E-07   5.52912998    
   105.00000000000000        106.00000000000000        1.85168830E-07   5.85470295    
   106.00000000000000        107.00000000000000        1.77642917E-07   7.17073584    
   107.00000000000000        108.00000000000000        1.64325385E-07   5.71319103    
   108.00000000000000        109.00000000000000        1.53274584E-07   5.75205946    
   109.00000000000000        110.00000000000000        1.53326624E-07   5.38583374    
   110.00000000000000        111.00000000000000        1.43398807E-07   6.47217035    
   111.00000000000000        112.00000000000000        1.42386000E-07   4.86846209    
   112.00000000000000        113.00000000000000        1.42484055E-07   4.15950394    
   113.00000000000000        114.00000000000000        1.25072475E-07   4.50321579    
   114.00000000000000        115.00000000000000        1.35387154E-07   4.45721197    
   115.00000000000000        116.00000000000000        1.32128790E-07   5.31896782    
   116.00000000000000        117.00000000000000        1.20962397E-07   5.87694073    
   117.00000000000000        118.00000000000000        1.22289762E-07   11.2363901    
   118.00000000000000        119.00000000000000        1.23113153E-07   8.28787041    
   119.00000000000000        120.00000000000000        1.07068409E-07   5.30079556    
   120.00000000000000        121.00000000000000        1.05127178E-07   4.47282314    
   121.00000000000000        122.00000000000000        1.03882030E-07   4.77710342    
   122.00000000000000        123.00000000000000        1.11786903E-07   8.01284122    
   123.00000000000000        124.00000000000000        9.84226958E-08   4.52282715    
   124.00000000000000        125.00000000000000        8.88198883E-08   5.72636795    
   125.00000000000000        126.00000000000000        8.60305107E-08   6.78792810    
   126.00000000000000        127.00000000000000        9.48387466E-08   7.55269670    
   127.00000000000000        128.00000000000000        8.30111091E-08   5.07359743    
   128.00000000000000        129.00000000000000        8.28494322E-08   7.74263382    
   129.00000000000000        130.00000000000000        8.87091289E-08   9.56182766    
   130.00000000000000        131.00000000000000        7.14218871E-08   3.77719212    
   131.00000000000000        132.00000000000000        8.22240906E-08   6.18561316    
   132.00000000000000        133.00000000000000        7.48405640E-08   5.90473795    
   133.00000000000000        134.00000000000000        6.41483311E-08   5.58596420    
   134.00000000000000        135.00000000000000        7.25846618E-08   5.78125620    
   135.00000000000000        136.00000000000000        7.84672736E-08   9.56196594    
   136.00000000000000        137.00000000000000        5.91771681E-08   6.67746305    
   137.00000000000000        138.00000000000000        6.82551118E-08   6.99783039    
   138.00000000000000        139.00000000000000        6.28962695E-08   7.49268627    
   139.00000000000000        140.00000000000000        5.89487854E-08   6.05001354    
   140.00000000000000        141.00000000000000        5.50511743E-08   5.40349722    
   141.00000000000000        142.00000000000000        5.42037775E-08   5.50011110    
   142.00000000000000        143.00000000000000        6.30704875E-08   12.6191511    
   143.00000000000000        144.00000000000000        5.66720146E-08   9.91694450    
   144.00000000000000        145.00000000000000        4.97902448E-08   5.35117483    
   145.00000000000000        146.00000000000000        5.03648145E-08   6.05116844    
   146.00000000000000        147.00000000000000        5.78858064E-08   8.65810108    
   147.00000000000000        148.00000000000000        4.77227609E-08   6.20252991    
   148.00000000000000        149.00000000000000        5.28187911E-08   11.8694382    
   149.00000000000000        150.00000000000000        4.90244183E-08   7.14497185    
   150.00000000000000        151.00000000000000        4.37172929E-08   6.48471880    
   151.00000000000000        152.00000000000000        4.24963034E-08   6.82052898    
   152.00000000000000        153.00000000000000        4.23775717E-08   7.12532425    
   153.00000000000000        154.00000000000000        4.02423268E-08   6.43779802    
   154.00000000000000        155.00000000000000        3.98368094E-08   10.6317911    
   155.00000000000000        156.00000000000000        4.12684429E-08   7.76647615    
   156.00000000000000        157.00000000000000        3.76978058E-08   9.53982544    
   157.00000000000000        158.00000000000000        3.85282206E-08   10.1968966    
   158.00000000000000        159.00000000000000        3.86037478E-08   9.03092289    
   159.00000000000000        160.00000000000000        3.42837438E-08   5.55333328    
   160.00000000000000        161.00000000000000        3.65746438E-08   14.3195333    
   161.00000000000000        162.00000000000000        3.18330784E-08   9.18031979    
   162.00000000000000        163.00000000000000        3.52372460E-08   8.53656292    
   163.00000000000000        164.00000000000000        2.83602830E-08   7.58650732    
   164.00000000000000        165.00000000000000        3.21962546E-08   8.16742992    
   165.00000000000000        166.00000000000000        3.80702545E-08   14.7971287    
   166.00000000000000        167.00000000000000        3.06466639E-08   9.61881542    
   167.00000000000000        168.00000000000000        2.61189701E-08   6.63469362    
   168.00000000000000        169.00000000000000        3.15440012E-08   12.9440918    
   169.00000000000000        170.00000000000000        2.83638801E-08   6.41384506    
   170.00000000000000        171.00000000000000        2.92589775E-08   10.4823675    
   171.00000000000000        172.00000000000000        2.51060523E-08   7.05296183    
   172.00000000000000        173.00000000000000        2.52826329E-08   5.97756529    
   173.00000000000000        174.00000000000000        2.46559431E-08   11.5240145    
   174.00000000000000        175.00000000000000        2.46591814E-08   7.61666584    
   175.00000000000000        176.00000000000000        2.51290881E-08   9.53265572    
   176.00000000000000        177.00000000000000        2.31868995E-08   6.75026083    
   177.00000000000000        178.00000000000000        2.40183038E-08   7.70567417    
   178.00000000000000        179.00000000000000        2.03676613E-08   7.09520435    
   179.00000000000000        180.00000000000000        2.22095959E-08   8.89643002    
   180.00000000000000        181.00000000000000        2.19509477E-08   9.41906166    
   181.00000000000000        182.00000000000000        2.37483206E-08   7.34091377    
   182.00000000000000        183.00000000000000        2.01280184E-08   8.67761040    
   183.00000000000000        184.00000000000000        2.41793305E-08   14.2243252    
   184.00000000000000        185.00000000000000        1.94822594E-08   11.3217163    
   185.00000000000000        186.00000000000000        1.99578789E-08   10.4921627    
   186.00000000000000        187.00000000000000        1.86434868E-08   12.4770231    
   187.00000000000000        188.00000000000000        1.61424083E-08   6.78595161    
   188.00000000000000        189.00000000000000        1.39765710E-08   8.06783009    
   189.00000000000000        190.00000000000000        1.57680464E-08   9.52533722    
   190.00000000000000        191.00000000000000        1.54945283E-08   7.03815460    
   191.00000000000000        192.00000000000000        1.47813886E-08   8.24052429    
   192.00000000000000        193.00000000000000        1.42852370E-08   10.9968815    
   193.00000000000000        194.00000000000000        1.66778662E-08   8.83506012    
   194.00000000000000        195.00000000000000        1.23228645E-08   6.69728518    
   195.00000000000000        196.00000000000000        1.17290897E-08   8.28455639    
   196.00000000000000        197.00000000000000        1.13657173E-08   8.05296612    
   197.00000000000000        198.00000000000000        1.14483516E-08   11.6287050    
   198.00000000000000        199.00000000000000        1.03312372E-08   7.09112644    
   199.00000000000000        200.00000000000000        8.93404994E-09   9.48916245    
   200.00000000000000        201.00000000000000        1.14411840E-08   9.33571625    
   201.00000000000000        202.00000000000000        1.31224853E-08   13.5597363    
   202.00000000000000        203.00000000000000        1.01498419E-08   8.46357727    
   203.00000000000000        204.00000000000000        9.30176380E-09   8.88652897    
   204.00000000000000        205.00000000000000        8.92222918E-09   8.88021088    
   205.00000000000000        206.00000000000000        7.92010546E-09   8.61832047    
   206.00000000000000        207.00000000000000        7.13557435E-09   12.2545643    
   207.00000000000000        208.00000000000000        7.99084177E-09   28.5435524    
   208.00000000000000        209.00000000000000        8.31177083E-09   20.9736271    
   209.00000000000000        210.00000000000000        7.55815854E-09   9.11745548    
   210.00000000000000        211.00000000000000        7.18655313E-09   11.4284286    
   211.00000000000000        212.00000000000000        7.72066766E-09   10.6919308    
   212.00000000000000        213.00000000000000        7.12425141E-09   11.7407169    
   213.00000000000000        214.00000000000000        8.88368934E-09   15.6272945    
   214.00000000000000        215.00000000000000        5.07869879E-09   7.90908909    
   215.00000000000000        216.00000000000000        5.70775160E-09   10.4046936    
   216.00000000000000        217.00000000000000        6.17115026E-09   9.85079288    
   217.00000000000000        218.00000000000000        9.64506164E-09   27.0805321    
   218.00000000000000        219.00000000000000        5.09844345E-09   14.1789141    
   219.00000000000000        220.00000000000000        4.73661510E-09   27.4998398    
   220.00000000000000        221.00000000000000        4.64868677E-09   10.8764772    
   221.00000000000000        222.00000000000000        3.60558006E-09   9.24447632    
   222.00000000000000        223.00000000000000        5.31185007E-09   14.1850872    
   223.00000000000000        224.00000000000000        4.23698232E-09   10.0305328    
   224.00000000000000        225.00000000000000        4.70770889E-09   14.8870440    
   225.00000000000000        226.00000000000000        3.07997250E-09   9.39178467    
   226.00000000000000        227.00000000000000        3.61374086E-09   9.92927837    
   227.00000000000000        228.00000000000000        5.69826275E-09   18.1226349    
   228.00000000000000        229.00000000000000        4.78467932E-09   18.7952538    
   229.00000000000000        230.00000000000000        3.54175134E-09   22.1548309    
   230.00000000000000        231.00000000000000        3.39044415E-09   10.5097580    
   231.00000000000000        232.00000000000000        2.71859868E-09   11.6976757    
   232.00000000000000        233.00000000000000        3.44845619E-09   15.2874260    
   233.00000000000000        234.00000000000000        3.54078966E-09   15.3229208    
   234.00000000000000        235.00000000000000        4.29170921E-09   22.6104794    
   235.00000000000000        236.00000000000000        4.93710584E-09   33.4934235    
   236.00000000000000        237.00000000000000        4.28583302E-09   32.6552887    
   237.00000000000000        238.00000000000000        2.73814327E-09   14.6026821    
   238.00000000000000        239.00000000000000        2.33735298E-09   11.9871349    
   239.00000000000000        240.00000000000000        2.56285038E-09   15.8560333    
   240.00000000000000        241.00000000000000        2.78442935E-09   10.4839764    
   241.00000000000000        242.00000000000000        3.13836912E-09   19.6185112    
   242.00000000000000        243.00000000000000        3.15011017E-09   20.7025528    
   243.00000000000000        244.00000000000000        3.33707972E-09   30.8609734    
   244.00000000000000        245.00000000000000        1.98379846E-09   18.7023716    
   245.00000000000000        246.00000000000000        1.74156112E-09   14.6033173    
   246.00000000000000        247.00000000000000        2.99863134E-09   41.6386299    
   247.00000000000000        248.00000000000000        2.05234252E-09   26.9781208    
   248.00000000000000        249.00000000000000        2.27657182E-09   17.6647396    
   249.00000000000000        250.00000000000000        2.20864926E-09   14.9962692    
   250.00000000000000        250.00000000000000        2.20864926E-09   14.9962692    
