 # Detector n: 1D Projection
   50.000000000000000        51.000000000000000        2.77269419E-06   10.6662292    
   51.000000000000000        52.000000000000000        1.82317842E-06   1.82747769    
   52.000000000000000        53.000000000000000        1.21396738E-06   2.88809252    
   53.000000000000000        54.000000000000000        9.09716391E-07   3.77302837    
   54.000000000000000        55.000000000000000        7.11311543E-07   3.30553198    
   55.000000000000000        56.000000000000000        6.17685430E-07   3.19910383    
   56.000000000000000        57.000000000000000        5.12550912E-07   3.42569733    
   57.000000000000000        58.000000000000000        4.34756402E-07   4.96750975    
   58.000000000000000        59.000000000000000        4.01860490E-07   4.42776203    
   59.000000000000000        60.000000000000000        3.57603085E-07   5.89670277    
   60.000000000000000        61.000000000000000        3.05391296E-07   4.60039759    
   61.000000000000000        62.000000000000000        2.88312890E-07   4.51659393    
   62.000000000000000        63.000000000000000        2.57305800E-07   7.92969990    
   63.000000000000000        64.000000000000000        2.41831401E-07   5.09661722    
   64.000000000000000        65.000000000000000        2.24409902E-07   5.15190554    
   65.000000000000000        66.000000000000000        2.07297489E-07   5.56437540    
   66.000000000000000        67.000000000000000        1.90913525E-07   6.40686989    
   67.000000000000000        68.000000000000000        2.00481352E-07   7.82447004    
   68.000000000000000        69.000000000000000        1.70714216E-07   4.80922794    
   69.000000000000000        70.000000000000000        1.54144217E-07   5.39691591    
   70.000000000000000        71.000000000000000        1.46161483E-07   6.95877647    
   71.000000000000000        72.000000000000000        1.35905552E-07   7.30616379    
   72.000000000000000        73.000000000000000        1.34533423E-07   8.32140255    
   73.000000000000000        74.000000000000000        1.15102395E-07   5.47034788    
   74.000000000000000        75.000000000000000        1.27000817E-07   6.91205502    
   75.000000000000000        76.000000000000000        1.03796879E-07   4.41959667    
   76.000000000000000        77.000000000000000        1.09523100E-07   5.88772154    
   77.000000000000000        78.000000000000000        9.04128896E-08   6.22311592    
   78.000000000000000        79.000000000000000        9.74250938E-08   5.80731201    
   79.000000000000000        80.000000000000000        8.86938807E-08   6.55549002    
   80.000000000000000        81.000000000000000        7.65612427E-08   5.17070866    
   81.000000000000000        82.000000000000000        8.46597246E-08   6.82625389    
   82.000000000000000        83.000000000000000        8.81715323E-08   8.46673775    
   83.000000000000000        84.000000000000000        6.70235991E-08   7.37941265    
   84.000000000000000        85.000000000000000        6.70194709E-08   8.68531895    
   85.000000000000000        86.000000000000000        6.72349429E-08   9.39060974    
   86.000000000000000        87.000000000000000        6.59041319E-08   8.11799240    
   87.000000000000000        88.000000000000000        5.19954924E-08   6.87174702    
   88.000000000000000        89.000000000000000        5.42514869E-08   7.01208210    
   89.000000000000000        90.000000000000000        4.53499460E-08   7.68626118    
   90.000000000000000        91.000000000000000        5.44385657E-08   8.43588924    
   91.000000000000000        92.000000000000000        4.54513547E-08   6.72262907    
   92.000000000000000        93.000000000000000        4.39273293E-08   9.46732807    
   93.000000000000000        94.000000000000000        4.77086814E-08   11.4442253    
   94.000000000000000        95.000000000000000        4.65301220E-08   15.5814886    
   95.000000000000000        96.000000000000000        3.58196957E-08   6.25013018    
   96.000000000000000        97.000000000000000        3.52980543E-08   5.66373634    
   97.000000000000000        98.000000000000000        3.11981481E-08   7.90445375    
   98.000000000000000        99.000000000000000        2.93249229E-08   6.51796818    
   99.000000000000000        100.00000000000000        3.66188075E-08   10.2221413    
   100.00000000000000        101.00000000000000        2.89974658E-08   9.95279503    
   101.00000000000000        102.00000000000000        3.23419940E-08   14.2976847    
   102.00000000000000        103.00000000000000        3.05404662E-08   8.72089100    
   103.00000000000000        104.00000000000000        2.42158382E-08   7.06299782    
   104.00000000000000        105.00000000000000        2.30218831E-08   6.31226921    
   105.00000000000000        106.00000000000000        3.30384573E-08   12.2599287    
   106.00000000000000        107.00000000000000        2.65428373E-08   13.3427038    
   107.00000000000000        108.00000000000000        2.05816626E-08   7.41411018    
   108.00000000000000        109.00000000000000        2.17801386E-08   6.78500319    
   109.00000000000000        110.00000000000000        1.73811099E-08   7.26092958    
   110.00000000000000        111.00000000000000        2.06898054E-08   12.1346340    
   111.00000000000000        112.00000000000000        2.00378469E-08   16.7579174    
   112.00000000000000        113.00000000000000        1.62897589E-08   8.23993683    
   113.00000000000000        114.00000000000000        1.72429466E-08   16.4803410    
   114.00000000000000        115.00000000000000        2.13055937E-08   30.3714714    
   115.00000000000000        116.00000000000000        2.13476827E-08   11.4853287    
   116.00000000000000        117.00000000000000        1.38085339E-08   7.51456451    
   117.00000000000000        118.00000000000000        1.26172699E-08   8.29606819    
   118.00000000000000        119.00000000000000        1.54853232E-08   14.0677767    
   119.00000000000000        120.00000000000000        1.37617420E-08   10.4112301    
   120.00000000000000        121.00000000000000        1.32347200E-08   8.63880157    
   121.00000000000000        122.00000000000000        1.69197847E-08   22.9346180    
   122.00000000000000        123.00000000000000        1.47031614E-08   25.4029312    
   123.00000000000000        124.00000000000000        1.33531133E-08   8.13583851    
   124.00000000000000        125.00000000000000        1.23494592E-08   9.25814915    
   125.00000000000000        126.00000000000000        1.14681002E-08   10.0773420    
   126.00000000000000        127.00000000000000        1.40484477E-08   39.3403206    
   127.00000000000000        128.00000000000000        1.53356563E-08   9.46690845    
   128.00000000000000        129.00000000000000        1.10577290E-08   10.1412926    
   129.00000000000000        130.00000000000000        1.77012112E-08   23.9516754    
   130.00000000000000        131.00000000000000        9.13568687E-09   10.5366917    
   131.00000000000000        132.00000000000000        8.94923602E-09   9.67047405    
   132.00000000000000        133.00000000000000        8.85200091E-09   12.3408537    
   133.00000000000000        134.00000000000000        8.17678814E-09   10.9721308    
   134.00000000000000        135.00000000000000        9.11492304E-09   9.34506607    
   135.00000000000000        136.00000000000000        9.20911170E-09   10.3818436    
   136.00000000000000        137.00000000000000        7.43942064E-09   13.5778456    
   137.00000000000000        138.00000000000000        1.03299245E-08   14.2250938    
   138.00000000000000        139.00000000000000        8.46772963E-09   13.5269537    
   139.00000000000000        140.00000000000000        1.03141264E-08   19.2141151    
   140.00000000000000        141.00000000000000        8.43371861E-09   21.1678677    
   141.00000000000000        142.00000000000000        9.72062253E-09   20.9438591    
   142.00000000000000        143.00000000000000        6.48680132E-09   11.2450600    
   143.00000000000000        144.00000000000000        6.14436324E-09   12.3645763    
   144.00000000000000        145.00000000000000        5.86795723E-09   12.5744295    
   145.00000000000000        146.00000000000000        7.90434829E-09   18.3043537    
   146.00000000000000        147.00000000000000        5.60557556E-09   14.3199158    
   147.00000000000000        148.00000000000000        6.71247147E-09   34.8096924    
   148.00000000000000        149.00000000000000        1.40534420E-08   62.3183022    
   149.00000000000000        150.00000000000000        4.74495643E-09   10.5169382    
   150.00000000000000        151.00000000000000        6.24997787E-09   16.8854980    
   151.00000000000000        152.00000000000000        6.82884016E-09   21.8812714    
   152.00000000000000        153.00000000000000        5.71403458E-09   16.1430683    
   153.00000000000000        154.00000000000000        4.24314361E-09   11.2085924    
   154.00000000000000        155.00000000000000        4.39656578E-09   14.5695057    
   155.00000000000000        156.00000000000000        3.91473343E-09   10.5417471    
   156.00000000000000        157.00000000000000        3.59667629E-09   13.2106600    
   157.00000000000000        158.00000000000000        4.38773640E-09   14.5204935    
   158.00000000000000        159.00000000000000        3.92883281E-09   13.4655590    
   159.00000000000000        160.00000000000000        4.58837590E-09   23.0217667    
   160.00000000000000        161.00000000000000        3.04081405E-09   19.0464878    
   161.00000000000000        162.00000000000000        3.58910079E-09   12.7591114    
   162.00000000000000        163.00000000000000        3.76801612E-09   9.70895767    
   163.00000000000000        164.00000000000000        2.92503599E-09   12.4751186    
   164.00000000000000        165.00000000000000        3.88211330E-09   13.2003946    
   165.00000000000000        166.00000000000000        2.37974884E-09   16.7526207    
   166.00000000000000        167.00000000000000        3.16586357E-09   10.3460588    
   167.00000000000000        168.00000000000000        2.30350894E-09   16.5178814    
   168.00000000000000        169.00000000000000        2.75343126E-09   14.7495804    
   169.00000000000000        170.00000000000000        2.73484524E-09   12.1171179    
   170.00000000000000        171.00000000000000        1.92869054E-09   12.9501581    
   171.00000000000000        172.00000000000000        2.85800072E-09   15.2805061    
   172.00000000000000        173.00000000000000        3.20337268E-09   16.1646652    
   173.00000000000000        174.00000000000000        2.37795561E-09   11.3973856    
   174.00000000000000        175.00000000000000        2.34386088E-09   16.2477303    
   175.00000000000000        176.00000000000000        2.16390506E-09   14.5097542    
   176.00000000000000        177.00000000000000        1.96076844E-09   13.4568195    
   177.00000000000000        178.00000000000000        2.27755859E-09   15.3859959    
   178.00000000000000        179.00000000000000        3.30621086E-09   19.3625526    
   179.00000000000000        180.00000000000000        2.74831602E-09   15.5101986    
   180.00000000000000        181.00000000000000        2.14829776E-09   14.4506474    
   181.00000000000000        182.00000000000000        1.87251215E-09   15.5393620    
   182.00000000000000        183.00000000000000        1.90458160E-09   25.4049721    
   183.00000000000000        184.00000000000000        3.09914761E-09   22.5992432    
   184.00000000000000        185.00000000000000        1.67637026E-09   13.3125067    
   185.00000000000000        186.00000000000000        1.41339296E-09   14.6620426    
   186.00000000000000        187.00000000000000        1.78559145E-09   12.7106190    
   187.00000000000000        188.00000000000000        1.89869098E-09   17.7718182    
   188.00000000000000        189.00000000000000        1.74274595E-09   29.9581757    
   189.00000000000000        190.00000000000000        1.64815406E-09   37.1034012    
   190.00000000000000        191.00000000000000        8.92966034E-10   21.6713161    
   191.00000000000000        192.00000000000000        1.18087673E-09   15.9879227    
   192.00000000000000        193.00000000000000        2.22642615E-09   16.6577530    
   193.00000000000000        194.00000000000000        2.23371099E-09   29.1645088    
   194.00000000000000        195.00000000000000        1.14540155E-09   17.2049618    
   195.00000000000000        196.00000000000000        1.33111211E-09   14.4122944    
   196.00000000000000        197.00000000000000        1.39747336E-09   23.6408482    
   197.00000000000000        198.00000000000000        1.70499459E-09   36.6288948    
   198.00000000000000        199.00000000000000        1.73916082E-09   23.5155754    
   199.00000000000000        200.00000000000000        1.16568111E-09   19.5613766    
   200.00000000000000        201.00000000000000        1.25087796E-09   14.7515116    
   201.00000000000000        202.00000000000000        2.57615329E-09   35.3177872    
   202.00000000000000        203.00000000000000        6.02159211E-10   20.0404491    
   203.00000000000000        204.00000000000000        9.30065802E-10   37.4338226    
   204.00000000000000        205.00000000000000        1.15488286E-09   17.4232445    
   205.00000000000000        206.00000000000000        1.65817360E-09   23.3951111    
   206.00000000000000        207.00000000000000        1.24604582E-09   22.1819782    
   207.00000000000000        208.00000000000000        2.65308686E-09   87.7060318    
   208.00000000000000        209.00000000000000        7.80171872E-10   23.9787827    
   209.00000000000000        210.00000000000000        1.02283082E-09   25.0083065    
   210.00000000000000        211.00000000000000        8.88048801E-10   18.4665775    
   211.00000000000000        212.00000000000000        9.22346477E-10   57.4556007    
   212.00000000000000        213.00000000000000        7.31837480E-10   22.2045174    
   213.00000000000000        214.00000000000000        8.53420001E-10   23.4233761    
   214.00000000000000        215.00000000000000        6.21298735E-10   25.3843956    
   215.00000000000000        216.00000000000000        5.33768529E-10   26.2902737    
   216.00000000000000        217.00000000000000        3.77588516E-10   38.2573967    
   217.00000000000000        218.00000000000000        7.16539494E-10   24.9083366    
   218.00000000000000        219.00000000000000        5.04395248E-10   24.0819969    
   219.00000000000000        220.00000000000000        6.88971935E-10   55.8784943    
   220.00000000000000        221.00000000000000        5.18110554E-10   22.5429935    
   221.00000000000000        222.00000000000000        6.80357715E-10   31.9939079    
   222.00000000000000        223.00000000000000        5.22654420E-10   22.4837170    
   223.00000000000000        224.00000000000000        8.54301463E-10   71.1349640    
   224.00000000000000        225.00000000000000        6.23592455E-10   15.3875961    
   225.00000000000000        226.00000000000000        2.79102919E-09   37.0314255    
   226.00000000000000        227.00000000000000        6.13641915E-10   19.9768715    
   227.00000000000000        228.00000000000000        4.41332498E-10   20.6210747    
   228.00000000000000        229.00000000000000        6.53840759E-10   34.3874969    
   229.00000000000000        230.00000000000000        3.87682303E-10   17.2505131    
   230.00000000000000        231.00000000000000        2.68691874E-10   25.3319321    
   231.00000000000000        232.00000000000000        3.98240108E-10   24.7714100    
   232.00000000000000        233.00000000000000        4.47211684E-10   30.5536709    
   233.00000000000000        234.00000000000000        7.68660580E-10   76.1668015    
   234.00000000000000        235.00000000000000        5.70036907E-10   28.9031353    
   235.00000000000000        236.00000000000000        3.82256948E-10   22.0942383    
   236.00000000000000        237.00000000000000        3.13530091E-10   39.9645195    
   237.00000000000000        238.00000000000000        1.64073755E-10   40.6712036    
   238.00000000000000        239.00000000000000        6.90635327E-10   29.6891251    
   239.00000000000000        240.00000000000000        3.14770932E-10   22.8095074    
   240.00000000000000        241.00000000000000        3.04306996E-10   42.0446663    
   241.00000000000000        242.00000000000000        5.27058563E-10   23.3109589    
   242.00000000000000        243.00000000000000        4.63872940E-10   30.6691761    
   243.00000000000000        244.00000000000000        1.63141653E-10   29.3033009    
   244.00000000000000        245.00000000000000        1.37615849E-10   40.3715477    
   245.00000000000000        246.00000000000000        2.30322095E-10   61.7867546    
   246.00000000000000        247.00000000000000        3.65017377E-10   22.4708729    
   247.00000000000000        248.00000000000000        1.58939556E-10   45.0779572    
   248.00000000000000        249.00000000000000        2.03894568E-10   30.9985905    
   249.00000000000000        250.00000000000000        9.28949140E-11   26.5718670    
   250.00000000000000        251.00000000000000        8.95568342E-11   77.3078232    
   251.00000000000000        252.00000000000000        2.74544054E-10   51.7796860    
   252.00000000000000        253.00000000000000        2.51496240E-10   27.5083847    
   253.00000000000000        254.00000000000000        2.61839911E-10   38.2064590    
   254.00000000000000        255.00000000000000        1.67639291E-10   24.8778744    
   255.00000000000000        256.00000000000000        2.64134326E-10   27.1553078    
   256.00000000000000        257.00000000000000        2.22071417E-10   51.9716988    
   257.00000000000000        258.00000000000000        1.39799505E-10   35.2210121    
   258.00000000000000        259.00000000000000        2.73610051E-10   43.0169449    
   259.00000000000000        260.00000000000000        1.40164755E-10   31.9988289    
   260.00000000000000        261.00000000000000        2.19900015E-10   32.1531601    
   261.00000000000000        262.00000000000000        1.53953156E-10   31.0831909    
   262.00000000000000        263.00000000000000        4.43370618E-10   37.5299454    
   263.00000000000000        263.00000000000000        4.43370618E-10   37.5299454    
