 # Detector n: 1D Projection
   52.000000000000000        53.000000000000000        2.01764647E-06   2.12910533    
   53.000000000000000        54.000000000000000        1.37629843E-06   1.98060274    
   54.000000000000000        55.000000000000000        9.29067028E-07   3.20849276    
   55.000000000000000        56.000000000000000        6.52413689E-07   2.41450310    
   56.000000000000000        57.000000000000000        5.26303097E-07   3.72645140    
   57.000000000000000        58.000000000000000        4.72800508E-07   4.70789289    
   58.000000000000000        59.000000000000000        3.85419810E-07   4.03422403    
   59.000000000000000        60.000000000000000        3.27276183E-07   4.75138521    
   60.000000000000000        61.000000000000000        2.93045247E-07   4.33395290    
   61.000000000000000        62.000000000000000        2.52248839E-07   3.66299343    
   62.000000000000000        63.000000000000000        2.39613058E-07   4.49281693    
   63.000000000000000        64.000000000000000        2.03371187E-07   5.37018347    
   64.000000000000000        65.000000000000000        1.81839141E-07   5.08112812    
   65.000000000000000        66.000000000000000        1.83922495E-07   5.89007807    
   66.000000000000000        67.000000000000000        1.54675675E-07   4.13786411    
   67.000000000000000        68.000000000000000        1.69552450E-07   8.69468021    
   68.000000000000000        69.000000000000000        1.61950581E-07   5.34603500    
   69.000000000000000        70.000000000000000        1.51020103E-07   5.65846968    
   70.000000000000000        71.000000000000000        1.27820385E-07   6.42903280    
   71.000000000000000        72.000000000000000        1.19482692E-07   7.45766306    
   72.000000000000000        73.000000000000000        1.11205473E-07   6.13539314    
   73.000000000000000        74.000000000000000        9.67648504E-08   5.83487654    
   74.000000000000000        75.000000000000000        8.69634462E-08   6.51061916    
   75.000000000000000        76.000000000000000        7.77181413E-08   6.90522289    
   76.000000000000000        77.000000000000000        8.65632757E-08   10.0714836    
   77.000000000000000        78.000000000000000        7.53841292E-08   6.70879698    
   78.000000000000000        79.000000000000000        8.14258954E-08   14.9993820    
   79.000000000000000        80.000000000000000        5.51698420E-08   5.82377815    
   80.000000000000000        81.000000000000000        6.09151201E-08   5.96903658    
   81.000000000000000        82.000000000000000        6.65908786E-08   9.98405361    
   82.000000000000000        83.000000000000000        5.28675521E-08   9.89271355    
   83.000000000000000        84.000000000000000        5.22785051E-08   7.90225697    
   84.000000000000000        85.000000000000000        5.06923321E-08   12.2293959    
   85.000000000000000        86.000000000000000        5.03839210E-08   6.40048552    
   86.000000000000000        87.000000000000000        4.73161599E-08   12.2771816    
   87.000000000000000        88.000000000000000        4.60008778E-08   12.7123327    
   88.000000000000000        89.000000000000000        4.02214582E-08   14.0049038    
   89.000000000000000        90.000000000000000        3.11830348E-08   7.59392691    
   90.000000000000000        91.000000000000000        3.23107656E-08   7.23438120    
   91.000000000000000        92.000000000000000        3.64690109E-08   8.61012840    
   92.000000000000000        93.000000000000000        3.79387117E-08   13.1000204    
   93.000000000000000        94.000000000000000        4.24178275E-08   27.7524109    
   94.000000000000000        95.000000000000000        3.01097707E-08   10.4952707    
   95.000000000000000        96.000000000000000        2.59453738E-08   8.96482754    
   96.000000000000000        97.000000000000000        2.50868162E-08   10.4226379    
   97.000000000000000        98.000000000000000        2.29458035E-08   10.5187483    
   98.000000000000000        99.000000000000000        2.60744173E-08   23.4266605    
   99.000000000000000        100.00000000000000        3.82048242E-08   16.5563755    
   100.00000000000000        101.00000000000000        1.96853467E-08   12.9208546    
   101.00000000000000        102.00000000000000        1.71211703E-08   8.31747532    
   102.00000000000000        103.00000000000000        1.76360739E-08   14.2262411    
   103.00000000000000        104.00000000000000        1.62210494E-08   7.00324154    
   104.00000000000000        105.00000000000000        1.70163492E-08   15.7873316    
   105.00000000000000        106.00000000000000        1.51142299E-08   12.1057596    
   106.00000000000000        107.00000000000000        2.33464856E-08   22.5129986    
   107.00000000000000        108.00000000000000        1.67862719E-08   10.1882563    
   108.00000000000000        109.00000000000000        1.40524845E-08   18.3999271    
   109.00000000000000        110.00000000000000        1.73745285E-08   29.0450134    
   110.00000000000000        111.00000000000000        1.37496210E-08   11.9878273    
   111.00000000000000        112.00000000000000        1.22885755E-08   9.53283024    
   112.00000000000000        113.00000000000000        1.21533876E-08   19.6855640    
   113.00000000000000        114.00000000000000        1.30067779E-08   20.2085819    
   114.00000000000000        115.00000000000000        8.65010996E-09   8.21631145    
   115.00000000000000        116.00000000000000        1.20442163E-08   12.1876011    
   116.00000000000000        117.00000000000000        1.65514233E-08   36.1711235    
   117.00000000000000        118.00000000000000        1.34765621E-08   16.2631016    
   118.00000000000000        119.00000000000000        9.98926097E-09   8.43492889    
   119.00000000000000        120.00000000000000        1.03110613E-08   9.30516911    
   120.00000000000000        121.00000000000000        9.15522236E-09   11.5694466    
   121.00000000000000        122.00000000000000        7.77786813E-09   12.7564068    
   122.00000000000000        123.00000000000000        1.12525846E-08   10.3649817    
   123.00000000000000        124.00000000000000        8.36930525E-09   15.4548111    
   124.00000000000000        125.00000000000000        7.43053929E-09   10.5893669    
   125.00000000000000        126.00000000000000        8.73472139E-09   12.4656897    
   126.00000000000000        127.00000000000000        7.18723303E-09   13.0820255    
   127.00000000000000        128.00000000000000        1.15921326E-08   18.3981190    
   128.00000000000000        129.00000000000000        5.04194464E-09   12.3315573    
   129.00000000000000        130.00000000000000        4.93161956E-09   9.66812515    
   130.00000000000000        131.00000000000000        6.35532427E-09   54.1556435    
   131.00000000000000        132.00000000000000        6.83516221E-09   11.2185316    
   132.00000000000000        133.00000000000000        4.90835106E-09   16.0433998    
   133.00000000000000        134.00000000000000        6.74794221E-09   14.1887484    
   134.00000000000000        135.00000000000000        4.53842608E-09   13.9172401    
   135.00000000000000        136.00000000000000        4.57570826E-09   11.5195723    
   136.00000000000000        137.00000000000000        4.92666352E-09   14.3419981    
   137.00000000000000        138.00000000000000        6.50251009E-09   34.2768059    
   138.00000000000000        139.00000000000000        4.05363654E-09   11.4913235    
   139.00000000000000        140.00000000000000        4.28817737E-09   16.5603580    
   140.00000000000000        141.00000000000000        3.87176469E-09   15.6322851    
   141.00000000000000        142.00000000000000        3.06787995E-09   12.5830765    
   142.00000000000000        143.00000000000000        3.63529518E-09   11.5109253    
   143.00000000000000        144.00000000000000        3.85543641E-09   44.0775871    
   144.00000000000000        145.00000000000000        4.02142719E-09   13.3968964    
   145.00000000000000        146.00000000000000        3.72439168E-09   37.1275673    
   146.00000000000000        147.00000000000000        3.47792661E-09   12.2566767    
   147.00000000000000        148.00000000000000        2.58237542E-09   12.2919312    
   148.00000000000000        149.00000000000000        4.39082415E-09   19.4041290    
   149.00000000000000        150.00000000000000        4.66310368E-09   42.1873016    
   150.00000000000000        151.00000000000000        5.41537393E-09   22.3407784    
   151.00000000000000        152.00000000000000        2.82697488E-09   14.1177101    
   152.00000000000000        153.00000000000000        4.22934887E-09   46.9910545    
   153.00000000000000        154.00000000000000        5.87016036E-09   54.8783798    
   154.00000000000000        155.00000000000000        1.96017358E-09   18.4072399    
   155.00000000000000        156.00000000000000        2.56600807E-09   14.3254175    
   156.00000000000000        157.00000000000000        2.31546160E-09   14.0709801    
   157.00000000000000        158.00000000000000        2.41712206E-09   19.8889561    
   158.00000000000000        159.00000000000000        2.05666351E-09   16.4808769    
   159.00000000000000        160.00000000000000        1.98931760E-09   14.2407284    
   160.00000000000000        161.00000000000000        6.14175422E-09   30.9989929    
   161.00000000000000        162.00000000000000        4.09467038E-09   48.6855164    
   162.00000000000000        163.00000000000000        2.72192624E-09   14.3409042    
   163.00000000000000        164.00000000000000        1.70899439E-09   15.8971567    
   164.00000000000000        165.00000000000000        1.83364413E-09   14.7615299    
   165.00000000000000        166.00000000000000        1.64300529E-09   14.5652685    
   166.00000000000000        167.00000000000000        1.20580557E-09   18.4906082    
   167.00000000000000        168.00000000000000        1.96618100E-09   33.0631714    
   168.00000000000000        169.00000000000000        1.68741354E-09   17.3878841    
   169.00000000000000        170.00000000000000        1.09774745E-09   16.1676998    
   170.00000000000000        171.00000000000000        1.26378286E-09   12.8332796    
   171.00000000000000        172.00000000000000        1.35178257E-09   23.4774456    
   172.00000000000000        173.00000000000000        1.12232734E-09   16.6758080    
   173.00000000000000        174.00000000000000        1.24062804E-09   54.0689812    
   174.00000000000000        175.00000000000000        9.77234960E-10   19.3859463    
   175.00000000000000        176.00000000000000        2.68066191E-09   24.0518055    
   176.00000000000000        177.00000000000000        1.29516464E-09   21.9165707    
   177.00000000000000        178.00000000000000        2.92350832E-09   20.9314995    
   178.00000000000000        179.00000000000000        3.86912413E-09   108.794952    
   179.00000000000000        180.00000000000000        1.27514999E-09   14.1678219    
   180.00000000000000        181.00000000000000        1.52065582E-09   18.7760563    
   181.00000000000000        182.00000000000000        1.40366574E-09   17.9078445    
   182.00000000000000        183.00000000000000        1.44704171E-09   27.9980011    
   183.00000000000000        184.00000000000000        2.15073692E-09   21.8333912    
   184.00000000000000        185.00000000000000        1.51685509E-09   21.3357773    
   185.00000000000000        186.00000000000000        9.02576514E-10   15.9140902    
   186.00000000000000        187.00000000000000        1.39139444E-09   22.2208080    
   187.00000000000000        188.00000000000000        9.80324155E-10   14.4762039    
   188.00000000000000        189.00000000000000        3.20667981E-09   40.1609154    
   189.00000000000000        190.00000000000000        1.23379096E-09   18.6576576    
   190.00000000000000        191.00000000000000        1.64768832E-09   36.1083336    
   191.00000000000000        192.00000000000000        8.67897421E-10   16.8157082    
   192.00000000000000        193.00000000000000        2.66321210E-09   26.7922764    
   193.00000000000000        194.00000000000000        6.99057090E-10   42.9149170    
   194.00000000000000        195.00000000000000        7.77486631E-10   16.6925392    
   195.00000000000000        196.00000000000000        8.66227812E-10   20.2883835    
   196.00000000000000        197.00000000000000        8.31366698E-10   29.1857128    
   197.00000000000000        198.00000000000000        5.94601368E-10   23.5533962    
   198.00000000000000        199.00000000000000        7.20817683E-10   16.4015789    
   199.00000000000000        200.00000000000000        6.41169173E-10   17.1170998    
   200.00000000000000        201.00000000000000        5.20345156E-10   24.4465389    
   201.00000000000000        202.00000000000000        6.87473745E-10   27.9456501    
   202.00000000000000        203.00000000000000        5.19501997E-10   33.5484543    
   203.00000000000000        204.00000000000000        4.60753491E-10   20.5842056    
   204.00000000000000        205.00000000000000        1.08108078E-09   21.6519680    
   205.00000000000000        206.00000000000000        7.37990558E-10   23.8857841    
   206.00000000000000        207.00000000000000        6.54386101E-10   27.4482517    
   207.00000000000000        208.00000000000000        4.52481774E-10   23.3758812    
   208.00000000000000        209.00000000000000        9.72218084E-10   69.1806107    
   209.00000000000000        210.00000000000000        3.89700772E-10   29.3604527    
   210.00000000000000        211.00000000000000        1.27707556E-09   28.0617275    
   211.00000000000000        212.00000000000000        4.13883816E-10   26.5783253    
   212.00000000000000        213.00000000000000        2.51777404E-10   25.3116188    
   213.00000000000000        214.00000000000000        3.77681442E-10   25.9513283    
   214.00000000000000        215.00000000000000        3.91306459E-10   35.7131882    
   215.00000000000000        216.00000000000000        6.38388897E-10   26.4434185    
   216.00000000000000        217.00000000000000        4.15146778E-10   17.8848972    
   217.00000000000000        218.00000000000000        4.37397563E-10   55.6506577    
   218.00000000000000        219.00000000000000        4.18663881E-10   41.5860786    
   219.00000000000000        220.00000000000000        4.77655582E-10   21.1614990    
   220.00000000000000        221.00000000000000        2.74096967E-10   58.0267792    
   221.00000000000000        222.00000000000000        4.59859262E-10   23.9583149    
   222.00000000000000        223.00000000000000        2.29359254E-10   25.4802265    
   223.00000000000000        224.00000000000000        1.73810044E-09   39.6043053    
   224.00000000000000        225.00000000000000        2.11738335E-10   37.9984360    
   225.00000000000000        226.00000000000000        2.26817717E-10   18.7510529    
   226.00000000000000        227.00000000000000        1.99528269E-10   29.6030827    
   227.00000000000000        228.00000000000000        7.36731176E-10   30.0035801    
   228.00000000000000        229.00000000000000        1.11458154E-09   66.3725052    
   229.00000000000000        230.00000000000000        3.67194941E-10   23.2933025    
   230.00000000000000        231.00000000000000        1.01970299E-09   139.561569    
   231.00000000000000        232.00000000000000        3.39896916E-10   20.1604061    
   232.00000000000000        233.00000000000000        2.79437917E-10   20.5901642    
   233.00000000000000        234.00000000000000        3.23815558E-10   32.6143913    
   234.00000000000000        235.00000000000000        2.18639620E-10   28.4184284    
   235.00000000000000        236.00000000000000        2.43752046E-10   38.3432388    
   236.00000000000000        237.00000000000000        1.61193114E-10   34.3785782    
   237.00000000000000        238.00000000000000        1.46160070E-10   31.6189823    
   238.00000000000000        239.00000000000000        2.98593567E-10   57.9347305    
   239.00000000000000        240.00000000000000        2.94254232E-10   43.9366837    
   240.00000000000000        241.00000000000000        1.42332132E-10   23.1286011    
   241.00000000000000        242.00000000000000        6.39055142E-10   70.9629745    
   242.00000000000000        243.00000000000000        7.51987916E-11   41.8350410    
   243.00000000000000        244.00000000000000        1.76438905E-10   25.4629936    
   244.00000000000000        245.00000000000000        2.12829310E-10   35.7439041    
   245.00000000000000        246.00000000000000        1.05108131E-10   30.8538074    
   246.00000000000000        247.00000000000000        1.14941624E-11   162.178223    
   247.00000000000000        248.00000000000000        1.55043530E-11   114.612808    
   248.00000000000000        249.00000000000000        4.14771099E-11   38.5022469    
   249.00000000000000        250.00000000000000        2.93874994E-11   51.0249977    
   250.00000000000000        251.00000000000000        9.59819377E-12   114.612808    
   251.00000000000000        252.00000000000000        7.72089684E-11   105.726753    
   252.00000000000000        253.00000000000000        4.53879573E-11   81.8760986    
   253.00000000000000        254.00000000000000        6.80078632E-11   124.857712    
   254.00000000000000        255.00000000000000        3.30024098E-11   64.0251007    
   255.00000000000000        256.00000000000000        6.52259566E-11   43.5895844    
   256.00000000000000        257.00000000000000        5.58826874E-11   70.9099503    
   257.00000000000000        258.00000000000000        7.43314785E-11   79.7673035    
   258.00000000000000        259.00000000000000        9.37560238E-11   40.4212914    
   259.00000000000000        260.00000000000000        5.63101371E-11   85.6914978    
   260.00000000000000        261.00000000000000        5.41476933E-11   35.0716171    
   261.00000000000000        262.00000000000000        1.15830012E-10   35.4713516    
   262.00000000000000        263.00000000000000        5.71010017E-10   42.8044815    
   263.00000000000000        263.00000000000000        5.71010017E-10   42.8044815    
