 # Detector n: 1D Projection
   55.000000000000000        56.000000000000000        1.52443545E-06   1.71415317    
   56.000000000000000        57.000000000000000        1.07653557E-06   1.83539557    
   57.000000000000000        58.000000000000000        7.38714334E-07   2.75462890    
   58.000000000000000        59.000000000000000        5.11551320E-07   4.06408215    
   59.000000000000000        60.000000000000000        4.61611080E-07   4.09766436    
   60.000000000000000        61.000000000000000        3.52037631E-07   3.45321679    
   61.000000000000000        62.000000000000000        2.96191359E-07   3.95807481    
   62.000000000000000        63.000000000000000        2.83580249E-07   6.36360931    
   63.000000000000000        64.000000000000000        2.45556890E-07   8.59805298    
   64.000000000000000        65.000000000000000        2.16446054E-07   4.77602196    
   65.000000000000000        66.000000000000000        2.07981429E-07   6.30967522    
   66.000000000000000        67.000000000000000        1.87924897E-07   5.73275518    
   67.000000000000000        68.000000000000000        1.76083191E-07   3.65300441    
   68.000000000000000        69.000000000000000        1.58413869E-07   6.99009991    
   69.000000000000000        70.000000000000000        1.24483023E-07   4.82104111    
   70.000000000000000        71.000000000000000        1.33667456E-07   6.78101110    
   71.000000000000000        72.000000000000000        1.16244415E-07   8.55848408    
   72.000000000000000        73.000000000000000        1.15354702E-07   11.2279387    
   73.000000000000000        74.000000000000000        9.28128756E-08   6.88918734    
   74.000000000000000        75.000000000000000        8.45009112E-08   13.0362530    
   75.000000000000000        76.000000000000000        9.76457457E-08   13.2408304    
   76.000000000000000        77.000000000000000        6.04459913E-08   5.40708780    
   77.000000000000000        78.000000000000000        7.19926945E-08   7.63384104    
   78.000000000000000        79.000000000000000        6.94764637E-08   11.6517115    
   79.000000000000000        80.000000000000000        5.86191256E-08   8.82256985    
   80.000000000000000        81.000000000000000        4.87698841E-08   6.24405193    
   81.000000000000000        82.000000000000000        5.30904494E-08   7.23990631    
   82.000000000000000        83.000000000000000        4.11925321E-08   7.01991987    
   83.000000000000000        84.000000000000000        4.54846720E-08   7.41523361    
   84.000000000000000        85.000000000000000        3.99559283E-08   7.23942232    
   85.000000000000000        86.000000000000000        3.10508064E-08   6.80088234    
   86.000000000000000        87.000000000000000        3.08137906E-08   14.3255978    
   87.000000000000000        88.000000000000000        3.73351767E-08   10.4671583    
   88.000000000000000        89.000000000000000        2.75813008E-08   11.8371944    
   89.000000000000000        90.000000000000000        2.29410571E-08   8.03583050    
   90.000000000000000        91.000000000000000        2.56892783E-08   12.1628675    
   91.000000000000000        92.000000000000000        1.99476631E-08   9.61314392    
   92.000000000000000        93.000000000000000        1.68870198E-08   7.97403812    
   93.000000000000000        94.000000000000000        1.59560702E-08   6.87747765    
   94.000000000000000        95.000000000000000        2.03712727E-08   12.0458689    
   95.000000000000000        96.000000000000000        1.62518017E-08   12.5290785    
   96.000000000000000        97.000000000000000        2.14753975E-08   22.1973362    
   97.000000000000000        98.000000000000000        2.22572822E-08   42.0285873    
   98.000000000000000        99.000000000000000        1.34640219E-08   8.99855423    
   99.000000000000000        100.00000000000000        1.25400899E-08   11.1435585    
   100.00000000000000        101.00000000000000        1.02960414E-08   9.08670807    
   101.00000000000000        102.00000000000000        1.05683080E-08   9.57854748    
   102.00000000000000        103.00000000000000        1.02952447E-08   8.82341671    
   103.00000000000000        104.00000000000000        9.77170700E-09   14.9085331    
   104.00000000000000        105.00000000000000        1.09746878E-08   20.1081238    
   105.00000000000000        106.00000000000000        6.53897514E-09   9.12583923    
   106.00000000000000        107.00000000000000        8.41939229E-09   10.8502741    
   107.00000000000000        108.00000000000000        8.15123880E-09   15.0458517    
   108.00000000000000        109.00000000000000        6.93275481E-09   13.5508518    
   109.00000000000000        110.00000000000000        7.85902277E-09   13.5940495    
   110.00000000000000        111.00000000000000        6.25679464E-09   27.7316933    
   111.00000000000000        112.00000000000000        6.38709707E-09   15.3966637    
   112.00000000000000        113.00000000000000        5.49948753E-09   17.8965683    
   113.00000000000000        114.00000000000000        5.32893996E-09   19.1701965    
   114.00000000000000        115.00000000000000        4.70171546E-09   12.4477997    
   115.00000000000000        116.00000000000000        5.82558668E-09   15.8955860    
   116.00000000000000        117.00000000000000        5.00755748E-09   14.8501587    
   117.00000000000000        118.00000000000000        7.69238362E-09   61.7289543    
   118.00000000000000        119.00000000000000        4.82101825E-09   27.0235538    
   119.00000000000000        120.00000000000000        3.55233998E-09   13.8181534    
   120.00000000000000        121.00000000000000        3.71299880E-09   12.6882868    
   121.00000000000000        122.00000000000000        6.17821483E-09   18.8904305    
   122.00000000000000        123.00000000000000        4.96585084E-09   25.6047096    
   123.00000000000000        124.00000000000000        3.64805053E-09   15.7225132    
   124.00000000000000        125.00000000000000        4.60194061E-09   58.3266983    
   125.00000000000000        126.00000000000000        2.53427124E-09   14.3566351    
   126.00000000000000        127.00000000000000        3.43510331E-09   17.0092545    
   127.00000000000000        128.00000000000000        3.84573884E-09   22.0245457    
   128.00000000000000        129.00000000000000        2.77499224E-09   17.4273643    
   129.00000000000000        130.00000000000000        2.35829467E-09   17.0298595    
   130.00000000000000        131.00000000000000        2.66214406E-09   25.3879070    
   131.00000000000000        132.00000000000000        3.46524054E-09   43.9372559    
   132.00000000000000        133.00000000000000        1.99423544E-09   14.5071907    
   133.00000000000000        134.00000000000000        1.52661783E-09   13.3631630    
   134.00000000000000        135.00000000000000        2.11777706E-09   17.3410034    
   135.00000000000000        136.00000000000000        1.47658730E-09   24.0374737    
   136.00000000000000        137.00000000000000        1.80405546E-09   25.8324566    
   137.00000000000000        138.00000000000000        1.33612521E-09   17.7340488    
   138.00000000000000        139.00000000000000        1.72667758E-09   15.6628952    
   139.00000000000000        140.00000000000000        2.05434025E-09   21.6999092    
   140.00000000000000        141.00000000000000        1.76270842E-09   13.0678864    
   141.00000000000000        142.00000000000000        2.58827093E-09   20.1814098    
   142.00000000000000        143.00000000000000        1.49853130E-09   13.4524746    
   143.00000000000000        144.00000000000000        1.50775326E-09   22.2046337    
   144.00000000000000        145.00000000000000        1.06725917E-09   19.8700256    
   145.00000000000000        146.00000000000000        1.15008614E-09   21.2652302    
   146.00000000000000        147.00000000000000        3.35571704E-09   43.5467415    
   147.00000000000000        148.00000000000000        1.63412828E-09   17.4062576    
   148.00000000000000        149.00000000000000        1.54847479E-09   17.6992035    
   149.00000000000000        150.00000000000000        1.14973264E-09   19.5088139    
   150.00000000000000        151.00000000000000        1.89722082E-09   14.5092592    
   151.00000000000000        152.00000000000000        7.71517239E-10   16.2727184    
   152.00000000000000        153.00000000000000        1.55964597E-09   20.3774395    
   153.00000000000000        154.00000000000000        1.91025684E-09   19.9837208    
   154.00000000000000        155.00000000000000        1.89106419E-09   20.2163658    
   155.00000000000000        156.00000000000000        1.43844670E-09   20.1896667    
   156.00000000000000        157.00000000000000        1.11982301E-09   24.7867355    
   157.00000000000000        158.00000000000000        6.82403023E-10   15.7531738    
   158.00000000000000        159.00000000000000        6.00894445E-10   23.6302128    
   159.00000000000000        160.00000000000000        7.71411102E-10   23.9202061    
   160.00000000000000        161.00000000000000        1.95123806E-09   25.8539619    
   161.00000000000000        162.00000000000000        1.31153721E-09   23.7326641    
   162.00000000000000        163.00000000000000        2.29783814E-09   26.8574295    
   163.00000000000000        164.00000000000000        5.60565705E-10   25.4574184    
   164.00000000000000        165.00000000000000        1.00056186E-09   26.3414288    
   165.00000000000000        166.00000000000000        1.13748166E-09   16.3448048    
   166.00000000000000        167.00000000000000        2.19925345E-09   33.6578674    
   167.00000000000000        168.00000000000000        2.08289475E-09   52.1321373    
   168.00000000000000        169.00000000000000        7.46504691E-10   41.3043251    
   169.00000000000000        170.00000000000000        9.29706312E-10   27.8808498    
   170.00000000000000        171.00000000000000        9.16479115E-10   22.1525822    
   171.00000000000000        172.00000000000000        1.39072931E-09   22.9385986    
   172.00000000000000        173.00000000000000        8.38587810E-10   23.7284660    
   173.00000000000000        174.00000000000000        4.90900043E-10   20.2709122    
   174.00000000000000        175.00000000000000        5.71114323E-10   18.5662575    
   175.00000000000000        176.00000000000000        7.57804375E-10   21.5518818    
   176.00000000000000        177.00000000000000        5.32319910E-10   23.4938450    
   177.00000000000000        178.00000000000000        5.83766202E-10   23.2789497    
   178.00000000000000        179.00000000000000        5.66707681E-10   31.7928143    
   179.00000000000000        180.00000000000000        6.57723098E-10   24.5847874    
   180.00000000000000        181.00000000000000        6.92877811E-10   21.6447811    
   181.00000000000000        182.00000000000000        5.06417908E-10   26.5808697    
   182.00000000000000        183.00000000000000        7.73763664E-10   21.0430717    
   183.00000000000000        184.00000000000000        7.28592020E-10   18.1289711    
   184.00000000000000        185.00000000000000        8.13579815E-10   25.4266949    
   185.00000000000000        186.00000000000000        1.33461842E-09   30.7904034    
   186.00000000000000        187.00000000000000        6.39017450E-10   30.3857918    
   187.00000000000000        188.00000000000000        6.82714996E-10   27.0558739    
   188.00000000000000        189.00000000000000        4.89325414E-10   32.1120567    
   189.00000000000000        190.00000000000000        3.33471889E-10   20.9191246    
   190.00000000000000        191.00000000000000        7.37687966E-10   28.4080353    
   191.00000000000000        192.00000000000000        7.00716429E-10   20.6606121    
   192.00000000000000        193.00000000000000        7.71666675E-10   41.3966179    
   193.00000000000000        194.00000000000000        3.83837157E-10   24.1415119    
   194.00000000000000        195.00000000000000        4.43663356E-10   19.1456413    
   195.00000000000000        196.00000000000000        8.39285474E-10   38.4397697    
   196.00000000000000        197.00000000000000        4.95036068E-10   41.0417900    
   197.00000000000000        198.00000000000000        2.85974272E-10   25.5857639    
   198.00000000000000        199.00000000000000        6.66253219E-10   26.5066986    
   199.00000000000000        200.00000000000000        4.20791346E-10   24.3124580    
   200.00000000000000        201.00000000000000        3.92262167E-10   41.5416870    
   201.00000000000000        202.00000000000000        2.85252766E-10   30.7846298    
   202.00000000000000        203.00000000000000        3.55104418E-10   29.9269772    
   203.00000000000000        204.00000000000000        2.72817380E-10   21.7792282    
   204.00000000000000        205.00000000000000        3.64308139E-10   38.3920746    
   205.00000000000000        206.00000000000000        2.70703793E-10   30.5624638    
   206.00000000000000        207.00000000000000        1.34249900E-09   55.9046669    
   207.00000000000000        208.00000000000000        3.67864378E-10   22.5153599    
   208.00000000000000        209.00000000000000        3.12479320E-10   46.4423981    
   209.00000000000000        210.00000000000000        2.31977576E-10   37.2935371    
   210.00000000000000        211.00000000000000        6.19017670E-10   50.3344765    
   211.00000000000000        212.00000000000000        2.32914021E-10   21.7459068    
   212.00000000000000        213.00000000000000        3.27300215E-10   26.0455990    
   213.00000000000000        214.00000000000000        1.82936957E-10   45.0472641    
   214.00000000000000        215.00000000000000        1.99637959E-10   29.4421291    
   215.00000000000000        216.00000000000000        2.39196940E-10   29.0300884    
   216.00000000000000        217.00000000000000        3.20492244E-10   34.5602150    
   217.00000000000000        218.00000000000000        2.21474145E-10   51.7788239    
   218.00000000000000        219.00000000000000        5.54330692E-10   57.4093208    
   219.00000000000000        220.00000000000000        2.08768683E-10   27.6475258    
   220.00000000000000        221.00000000000000        9.91998372E-10   45.2028198    
   221.00000000000000        222.00000000000000        2.02472997E-10   43.1157455    
   222.00000000000000        223.00000000000000        8.73492459E-11   36.5835648    
   223.00000000000000        224.00000000000000        4.10795647E-10   28.6961384    
   224.00000000000000        225.00000000000000        1.63276670E-10   38.7893600    
   225.00000000000000        226.00000000000000        2.80924950E-10   30.1811314    
   226.00000000000000        227.00000000000000        2.16084622E-10   31.9811077    
   227.00000000000000        228.00000000000000        1.78973017E-10   23.3133869    
   228.00000000000000        229.00000000000000        2.92536551E-10   21.8864479    
   229.00000000000000        230.00000000000000        1.32255540E-10   29.5356064    
   230.00000000000000        231.00000000000000        1.63927330E-10   48.8846512    
   231.00000000000000        232.00000000000000        1.29277283E-10   32.6269760    
   232.00000000000000        233.00000000000000        9.27467478E-11   23.7265930    
   233.00000000000000        234.00000000000000        1.21449378E-10   31.2874527    
   234.00000000000000        235.00000000000000        1.34127306E-10   47.4763107    
   235.00000000000000        236.00000000000000        2.06570178E-10   94.5617294    
   236.00000000000000        237.00000000000000        1.25208371E-10   27.5602131    
   237.00000000000000        238.00000000000000        6.93948995E-11   49.8340912    
   238.00000000000000        239.00000000000000        1.24322469E-10   64.4004135    
   239.00000000000000        240.00000000000000        8.74453357E-11   22.4921741    
   240.00000000000000        241.00000000000000        8.21065993E-11   31.8258400    
   241.00000000000000        242.00000000000000        2.58522898E-10   58.2166786    
   242.00000000000000        243.00000000000000        1.63987532E-10   41.2730827    
   243.00000000000000        244.00000000000000        2.34757103E-10   25.9288139    
   244.00000000000000        245.00000000000000        2.20206575E-10   20.2100296    
   245.00000000000000        246.00000000000000        2.79813867E-10   38.4995384    
   246.00000000000000        247.00000000000000        1.99418555E-11   89.3776093    
   247.00000000000000        248.00000000000000        4.58029482E-11   65.8196793    
   248.00000000000000        249.00000000000000        6.48224946E-11   42.3949471    
   249.00000000000000        250.00000000000000        9.31448460E-11   31.7641220    
   250.00000000000000        251.00000000000000        3.46563091E-11   60.8500671    
   251.00000000000000        252.00000000000000        3.42925098E-11   73.7659531    
   252.00000000000000        253.00000000000000        2.84837726E-11   42.7666740    
   253.00000000000000        254.00000000000000        1.67057326E-10   39.4193687    
   254.00000000000000        255.00000000000000        7.15779588E-11   53.7564354    
   255.00000000000000        256.00000000000000        2.57834847E-11   59.8013763    
   256.00000000000000        257.00000000000000        2.43804647E-11   59.5975761    
   257.00000000000000        258.00000000000000        1.54186455E-10   70.4064789    
   258.00000000000000        259.00000000000000        8.16777340E-11   52.2499733    
   259.00000000000000        260.00000000000000        1.34464967E-10   51.6549759    
   260.00000000000000        261.00000000000000        3.43985285E-10   70.0272293    
   261.00000000000000        262.00000000000000        1.09588304E-10   63.4357338    
   262.00000000000000        263.00000000000000        7.78123330E-11   30.5468121    
   263.00000000000000        263.00000000000000        7.78123330E-11   30.5468121    
