 # Detector n: 1D Projection
   46.000000000000000        47.000000000000000        3.09390225E-06   1.59160089    
   47.000000000000000        48.000000000000000        2.36813548E-06   1.93974185    
   48.000000000000000        49.000000000000000        1.79402707E-06   2.00599313    
   49.000000000000000        50.000000000000000        1.54366990E-06   2.52970624    
   50.000000000000000        51.000000000000000        1.25970462E-06   2.94041634    
   51.000000000000000        52.000000000000000        1.10797919E-06   3.16136169    
   52.000000000000000        53.000000000000000        1.04365449E-06   2.75922894    
   53.000000000000000        54.000000000000000        9.56373697E-07   4.00770473    
   54.000000000000000        55.000000000000000        8.84496330E-07   3.24465775    
   55.000000000000000        56.000000000000000        8.02012721E-07   2.57857442    
   56.000000000000000        57.000000000000000        7.36250001E-07   3.91264701    
   57.000000000000000        58.000000000000000        7.15077988E-07   2.95446897    
   58.000000000000000        59.000000000000000        7.01295619E-07   5.02640724    
   59.000000000000000        60.000000000000000        6.10553627E-07   3.48371673    
   60.000000000000000        61.000000000000000        6.06501658E-07   3.67169261    
   61.000000000000000        62.000000000000000        5.66363610E-07   2.80782771    
   62.000000000000000        63.000000000000000        5.57924238E-07   3.20313978    
   63.000000000000000        64.000000000000000        5.27864415E-07   3.33054209    
   64.000000000000000        65.000000000000000        5.08285495E-07   3.34173656    
   65.000000000000000        66.000000000000000        4.73186475E-07   4.48839617    
   66.000000000000000        67.000000000000000        4.70306787E-07   4.55475044    
   67.000000000000000        68.000000000000000        4.07253054E-07   3.69073534    
   68.000000000000000        69.000000000000000        4.22705114E-07   3.33755398    
   69.000000000000000        70.000000000000000        3.86127425E-07   4.06097603    
   70.000000000000000        71.000000000000000        3.77222733E-07   3.33580637    
   71.000000000000000        72.000000000000000        3.86814747E-07   4.76684523    
   72.000000000000000        73.000000000000000        3.50501296E-07   3.56891632    
   73.000000000000000        74.000000000000000        3.21904736E-07   3.75983071    
   74.000000000000000        75.000000000000000        3.14498777E-07   4.01054621    
   75.000000000000000        76.000000000000000        3.34945412E-07   5.87575006    
   76.000000000000000        77.000000000000000        2.66523983E-07   3.23935699    
   77.000000000000000        78.000000000000000        2.71253668E-07   3.86510563    
   78.000000000000000        79.000000000000000        2.71407913E-07   4.20152569    
   79.000000000000000        80.000000000000000        2.58610100E-07   4.85125828    
   80.000000000000000        81.000000000000000        2.60883411E-07   5.28108931    
   81.000000000000000        82.000000000000000        2.44568412E-07   5.37123251    
   82.000000000000000        83.000000000000000        2.32426146E-07   3.42345715    
   83.000000000000000        84.000000000000000        2.39235931E-07   5.87944365    
   84.000000000000000        85.000000000000000        2.21253927E-07   4.37323284    
   85.000000000000000        86.000000000000000        2.07978758E-07   5.78715944    
   86.000000000000000        87.000000000000000        2.26563586E-07   7.63961458    
   87.000000000000000        88.000000000000000        1.83314398E-07   4.56541348    
   88.000000000000000        89.000000000000000        1.93385205E-07   5.51607800    
   89.000000000000000        90.000000000000000        1.88035870E-07   5.54504251    
   90.000000000000000        91.000000000000000        1.66970935E-07   5.73269081    
   91.000000000000000        92.000000000000000        1.61712890E-07   4.56710196    
   92.000000000000000        93.000000000000000        1.71905796E-07   6.02540016    
   93.000000000000000        94.000000000000000        1.64156020E-07   4.44273376    
   94.000000000000000        95.000000000000000        1.52672726E-07   7.40261650    
   95.000000000000000        96.000000000000000        1.35789634E-07   4.54896069    
   96.000000000000000        97.000000000000000        1.33504983E-07   4.84441948    
   97.000000000000000        98.000000000000000        1.24214651E-07   6.74720335    
   98.000000000000000        99.000000000000000        1.22426485E-07   6.94346046    
   99.000000000000000        100.00000000000000        1.12927950E-07   5.08814001    
   100.00000000000000        101.00000000000000        1.14414888E-07   4.93674755    
   101.00000000000000        102.00000000000000        1.18887684E-07   7.48568535    
   102.00000000000000        103.00000000000000        1.26342243E-07   5.30670357    
   103.00000000000000        104.00000000000000        1.04031152E-07   5.15991831    
   104.00000000000000        105.00000000000000        9.54198924E-08   4.31191683    
   105.00000000000000        106.00000000000000        9.70797629E-08   6.16490650    
   106.00000000000000        107.00000000000000        9.00296229E-08   4.94372797    
   107.00000000000000        108.00000000000000        9.60256372E-08   4.72167253    
   108.00000000000000        109.00000000000000        8.75275816E-08   4.85538054    
   109.00000000000000        110.00000000000000        1.04547517E-07   9.58859921    
   110.00000000000000        111.00000000000000        8.08708620E-08   5.17051125    
   111.00000000000000        112.00000000000000        8.78515252E-08   11.7379627    
   112.00000000000000        113.00000000000000        8.35528198E-08   6.53238153    
   113.00000000000000        114.00000000000000        7.10659407E-08   7.75318575    
   114.00000000000000        115.00000000000000        7.22272588E-08   5.28144455    
   115.00000000000000        116.00000000000000        6.88691344E-08   4.76573133    
   116.00000000000000        117.00000000000000        6.80086174E-08   6.20369577    
   117.00000000000000        118.00000000000000        7.47153734E-08   5.17025566    
   118.00000000000000        119.00000000000000        6.64240858E-08   11.9853621    
   119.00000000000000        120.00000000000000        6.73045690E-08   7.65334892    
   120.00000000000000        121.00000000000000        5.98528800E-08   10.5567331    
   121.00000000000000        122.00000000000000        5.73277106E-08   8.68756580    
   122.00000000000000        123.00000000000000        5.90355853E-08   6.04281998    
   123.00000000000000        124.00000000000000        5.73245806E-08   8.32786274    
   124.00000000000000        125.00000000000000        5.63585125E-08   9.29112625    
   125.00000000000000        126.00000000000000        5.15859035E-08   7.77183914    
   126.00000000000000        127.00000000000000        4.93657737E-08   4.47972250    
   127.00000000000000        128.00000000000000        4.84783271E-08   10.6510916    
   128.00000000000000        129.00000000000000        5.17826280E-08   7.39870167    
   129.00000000000000        130.00000000000000        4.58454998E-08   7.71244383    
   130.00000000000000        131.00000000000000        5.10352578E-08   8.49313736    
   131.00000000000000        132.00000000000000        3.80947540E-08   5.43346643    
   132.00000000000000        133.00000000000000        3.84947789E-08   6.08774185    
   133.00000000000000        134.00000000000000        4.12264534E-08   7.51531029    
   134.00000000000000        135.00000000000000        4.08518375E-08   13.2922754    
   135.00000000000000        136.00000000000000        3.46152191E-08   6.67566299    
   136.00000000000000        137.00000000000000        3.71796993E-08   7.88839245    
   137.00000000000000        138.00000000000000        3.27419585E-08   7.01775408    
   138.00000000000000        139.00000000000000        3.65830637E-08   14.3009291    
   139.00000000000000        140.00000000000000        3.31318120E-08   8.02895260    
   140.00000000000000        141.00000000000000        3.35694565E-08   7.10114336    
   141.00000000000000        142.00000000000000        3.17453726E-08   6.36864614    
   142.00000000000000        143.00000000000000        3.86105334E-08   22.2588863    
   143.00000000000000        144.00000000000000        3.08076125E-08   10.1278038    
   144.00000000000000        145.00000000000000        2.74660668E-08   5.83502674    
   145.00000000000000        146.00000000000000        3.13850883E-08   8.61811352    
   146.00000000000000        147.00000000000000        3.35559918E-08   8.80345726    
   147.00000000000000        148.00000000000000        2.78292731E-08   6.83592558    
   148.00000000000000        149.00000000000000        2.55278092E-08   7.72290993    
   149.00000000000000        150.00000000000000        2.61562807E-08   11.5685139    
   150.00000000000000        151.00000000000000        2.70113656E-08   8.18337440    
   151.00000000000000        152.00000000000000        2.48689727E-08   8.01849651    
   152.00000000000000        153.00000000000000        2.32856383E-08   12.3658323    
   153.00000000000000        154.00000000000000        2.39669156E-08   12.8783092    
   154.00000000000000        155.00000000000000        2.02162624E-08   7.95722818    
   155.00000000000000        156.00000000000000        2.38864430E-08   8.37880611    
   156.00000000000000        157.00000000000000        2.18105090E-08   6.47852182    
   157.00000000000000        158.00000000000000        2.00138004E-08   14.9010048    
   158.00000000000000        159.00000000000000        1.78575732E-08   8.84749222    
   159.00000000000000        160.00000000000000        2.01721093E-08   7.87300634    
   160.00000000000000        161.00000000000000        1.90065546E-08   6.17046928    
   161.00000000000000        162.00000000000000        1.93887164E-08   11.4774532    
   162.00000000000000        163.00000000000000        1.63029945E-08   9.97800541    
   163.00000000000000        164.00000000000000        2.00601935E-08   8.70227814    
   164.00000000000000        165.00000000000000        2.26371615E-08   11.4384737    
   165.00000000000000        166.00000000000000        1.71767400E-08   11.5021896    
   166.00000000000000        167.00000000000000        2.15162785E-08   11.1979837    
   167.00000000000000        168.00000000000000        1.20828112E-08   7.90185690    
   168.00000000000000        169.00000000000000        2.19495018E-08   21.6717148    
   169.00000000000000        170.00000000000000        1.43345638E-08   11.3193827    
   170.00000000000000        171.00000000000000        1.40678633E-08   15.3164549    
   171.00000000000000        172.00000000000000        1.44541712E-08   10.7947092    
   172.00000000000000        173.00000000000000        2.28550441E-08   37.5575294    
   173.00000000000000        174.00000000000000        1.75129706E-08   12.0330315    
   174.00000000000000        175.00000000000000        1.14344845E-08   7.89056206    
   175.00000000000000        176.00000000000000        1.07484786E-08   7.41810560    
   176.00000000000000        177.00000000000000        1.55758961E-08   17.0874844    
   177.00000000000000        178.00000000000000        1.22124160E-08   6.81168509    
   178.00000000000000        179.00000000000000        1.36118272E-08   13.1286983    
   179.00000000000000        180.00000000000000        1.08700480E-08   9.19604492    
   180.00000000000000        181.00000000000000        1.09019727E-08   17.2235584    
   181.00000000000000        182.00000000000000        1.14090746E-08   26.3486977    
   182.00000000000000        183.00000000000000        1.33945983E-08   13.7814302    
   183.00000000000000        184.00000000000000        9.07409614E-09   8.11024666    
   184.00000000000000        185.00000000000000        9.95280214E-09   12.2846432    
   185.00000000000000        186.00000000000000        1.04039897E-08   16.9495125    
   186.00000000000000        187.00000000000000        1.10360761E-08   17.5105133    
   187.00000000000000        188.00000000000000        8.85842510E-09   15.5504303    
   188.00000000000000        189.00000000000000        7.43499440E-09   10.9182854    
   189.00000000000000        190.00000000000000        1.12174359E-08   13.9580088    
   190.00000000000000        191.00000000000000        6.60335608E-09   9.86850357    
   191.00000000000000        192.00000000000000        6.84966794E-09   12.4086933    
   192.00000000000000        193.00000000000000        1.02173736E-08   10.6527424    
   193.00000000000000        194.00000000000000        7.94483590E-09   12.5326500    
   194.00000000000000        195.00000000000000        8.58483951E-09   14.8483620    
   195.00000000000000        196.00000000000000        9.24306498E-09   15.0113716    
   196.00000000000000        197.00000000000000        9.94598182E-09   18.0273113    
   197.00000000000000        198.00000000000000        6.84983226E-09   13.8586102    
   198.00000000000000        199.00000000000000        5.48440360E-09   16.6746922    
   199.00000000000000        200.00000000000000        5.73389736E-09   13.1758671    
   200.00000000000000        201.00000000000000        5.47370682E-09   9.91512299    
   201.00000000000000        202.00000000000000        4.83533125E-09   10.2650251    
   202.00000000000000        203.00000000000000        8.96101593E-09   19.9192162    
   203.00000000000000        204.00000000000000        4.12415879E-09   17.5415554    
   204.00000000000000        205.00000000000000        5.57721691E-09   9.80194473    
   205.00000000000000        206.00000000000000        6.10540862E-09   18.4481030    
   206.00000000000000        207.00000000000000        5.23675636E-09   14.6627483    
   207.00000000000000        208.00000000000000        6.83040646E-09   28.6097488    
   208.00000000000000        209.00000000000000        5.78185633E-09   24.3793144    
   209.00000000000000        210.00000000000000        3.62118557E-09   18.2930489    
   210.00000000000000        211.00000000000000        4.22409885E-09   37.8915062    
   211.00000000000000        212.00000000000000        3.62743791E-09   12.1975060    
   212.00000000000000        213.00000000000000        4.59381466E-09   33.0479126    
   213.00000000000000        214.00000000000000        4.23972679E-09   12.6856956    
   214.00000000000000        215.00000000000000        3.10990722E-09   9.40774059    
   215.00000000000000        216.00000000000000        3.29976402E-09   27.0261974    
   216.00000000000000        217.00000000000000        4.40452919E-09   30.6232491    
   217.00000000000000        218.00000000000000        3.35815931E-09   10.8591337    
   218.00000000000000        219.00000000000000        3.09751602E-09   13.8661251    
   219.00000000000000        220.00000000000000        2.96744762E-09   13.4187613    
   220.00000000000000        221.00000000000000        2.60065569E-09   12.3362875    
   221.00000000000000        222.00000000000000        2.46449461E-09   13.2170334    
   222.00000000000000        223.00000000000000        3.06221781E-09   18.9423695    
   223.00000000000000        224.00000000000000        2.11706341E-09   13.6115360    
   224.00000000000000        225.00000000000000        2.95195290E-09   16.9607677    
   225.00000000000000        226.00000000000000        2.88328161E-09   21.2399368    
   226.00000000000000        227.00000000000000        2.32876030E-09   26.2437859    
   227.00000000000000        228.00000000000000        2.35298292E-09   14.0994682    
   228.00000000000000        229.00000000000000        2.35842768E-09   13.3406162    
   229.00000000000000        230.00000000000000        2.01332084E-09   15.1784267    
   230.00000000000000        231.00000000000000        1.99027972E-09   16.9604244    
   231.00000000000000        232.00000000000000        3.40071904E-09   30.0815887    
   232.00000000000000        233.00000000000000        2.34587838E-09   15.0458021    
   233.00000000000000        234.00000000000000        1.75619774E-09   16.7407436    
   234.00000000000000        235.00000000000000        2.33030173E-09   18.3761005    
   235.00000000000000        236.00000000000000        1.46966772E-09   19.2077389    
   236.00000000000000        237.00000000000000        1.26335253E-09   13.5929165    
   237.00000000000000        238.00000000000000        1.16948973E-09   16.2483921    
   238.00000000000000        239.00000000000000        1.03670550E-09   12.1498594    
   239.00000000000000        240.00000000000000        1.70473013E-09   33.6270370    
   240.00000000000000        241.00000000000000        1.04322895E-09   17.0147190    
   241.00000000000000        242.00000000000000        1.18665999E-09   23.8502674    
   242.00000000000000        243.00000000000000        1.17363885E-09   16.7233715    
   243.00000000000000        244.00000000000000        3.70434816E-09   90.5103378    
   244.00000000000000        245.00000000000000        9.61524638E-10   36.0945587    
   245.00000000000000        246.00000000000000        1.35488176E-09   31.5476093    
   246.00000000000000        247.00000000000000        1.64888359E-09   48.6304932    
   247.00000000000000        248.00000000000000        9.66470126E-10   15.0524244    
   248.00000000000000        249.00000000000000        1.42346479E-09   21.2828274    
   249.00000000000000        250.00000000000000        1.21989308E-09   32.8383942    
   250.00000000000000        251.00000000000000        8.83976503E-10   15.6150894    
   251.00000000000000        252.00000000000000        6.45486053E-10   22.9755917    
   252.00000000000000        253.00000000000000        1.06284492E-09   21.5135326    
   253.00000000000000        254.00000000000000        7.79868170E-10   16.1204128    
   254.00000000000000        255.00000000000000        9.02305675E-10   14.7349949    
   255.00000000000000        256.00000000000000        6.15928086E-10   29.3751755    
   256.00000000000000        257.00000000000000        8.48024373E-10   31.0785732    
   257.00000000000000        258.00000000000000        1.10199472E-09   40.1592178    
   258.00000000000000        259.00000000000000        9.45062806E-10   25.7442703    
   259.00000000000000        260.00000000000000        6.63986921E-10   23.1488628    
   260.00000000000000        261.00000000000000        1.54731150E-09   49.0445175    
   261.00000000000000        262.00000000000000        8.09655731E-10   27.5614796    
   262.00000000000000        263.00000000000000        8.32117486E-10   17.1096725    
   263.00000000000000        263.00000000000000        8.32117486E-10   17.1096725    
