 # Detector n: 1D Projection
   40.000000000000000        41.000000000000000        1.12352764E-05   1.03800654    
   41.000000000000000        42.000000000000000        1.00206616E-05   1.08263004    
   42.000000000000000        43.000000000000000        8.43278758E-06   1.22549319    
   43.000000000000000        44.000000000000000        6.15014551E-06   1.34390795    
   44.000000000000000        45.000000000000000        5.27459861E-06   1.30741704    
   45.000000000000000        46.000000000000000        4.76119567E-06   1.69685483    
   46.000000000000000        47.000000000000000        4.40467966E-06   1.45146632    
   47.000000000000000        48.000000000000000        4.11018664E-06   1.59746218    
   48.000000000000000        49.000000000000000        3.79325456E-06   1.43419588    
   49.000000000000000        50.000000000000000        3.60278159E-06   1.71062243    
   50.000000000000000        51.000000000000000        3.36730250E-06   1.67422497    
   51.000000000000000        52.000000000000000        3.16306819E-06   1.67687666    
   52.000000000000000        53.000000000000000        3.12752081E-06   1.63349581    
   53.000000000000000        54.000000000000000        2.97399993E-06   1.67411005    
   54.000000000000000        55.000000000000000        3.02457101E-06   2.16957045    
   55.000000000000000        56.000000000000000        2.86428440E-06   1.70859492    
   56.000000000000000        57.000000000000000        2.68705844E-06   1.68124843    
   57.000000000000000        58.000000000000000        2.64090136E-06   1.83967280    
   58.000000000000000        59.000000000000000        2.60306615E-06   2.31553006    
   59.000000000000000        60.000000000000000        2.45428919E-06   1.87158811    
   60.000000000000000        61.000000000000000        2.31820422E-06   2.09369159    
   61.000000000000000        62.000000000000000        2.32224988E-06   1.90262592    
   62.000000000000000        63.000000000000000        2.23184043E-06   2.13229442    
   63.000000000000000        64.000000000000000        2.14804777E-06   1.91236329    
   64.000000000000000        65.000000000000000        2.11910628E-06   2.07009125    
   65.000000000000000        66.000000000000000        2.07252401E-06   2.47937465    
   66.000000000000000        67.000000000000000        2.02146543E-06   2.44445372    
   67.000000000000000        68.000000000000000        1.86414059E-06   1.73239470    
   68.000000000000000        69.000000000000000        1.77896288E-06   2.50200772    
   69.000000000000000        70.000000000000000        1.67173903E-06   2.02542162    
   70.000000000000000        71.000000000000000        1.70879457E-06   2.26341152    
   71.000000000000000        72.000000000000000        1.61506262E-06   2.07831311    
   72.000000000000000        73.000000000000000        1.63054744E-06   2.31376076    
   73.000000000000000        74.000000000000000        1.50862752E-06   2.19993258    
   74.000000000000000        75.000000000000000        1.47663627E-06   2.14260888    
   75.000000000000000        76.000000000000000        1.45357956E-06   2.53211808    
   76.000000000000000        77.000000000000000        1.38369194E-06   2.05469203    
   77.000000000000000        78.000000000000000        1.38254222E-06   2.35588384    
   78.000000000000000        79.000000000000000        1.35559014E-06   2.46675038    
   79.000000000000000        80.000000000000000        1.25699341E-06   2.31158662    
   80.000000000000000        81.000000000000000        1.22233291E-06   2.13219023    
   81.000000000000000        82.000000000000000        1.16563137E-06   2.53081727    
   82.000000000000000        83.000000000000000        1.13039619E-06   2.74152207    
   83.000000000000000        84.000000000000000        1.08277072E-06   2.44536614    
   84.000000000000000        85.000000000000000        1.08704739E-06   2.55868006    
   85.000000000000000        86.000000000000000        1.04537901E-06   2.68932104    
   86.000000000000000        87.000000000000000        1.02797742E-06   3.55767059    
   87.000000000000000        88.000000000000000        9.95014261E-07   2.86563516    
   88.000000000000000        89.000000000000000        9.53019196E-07   2.91304970    
   89.000000000000000        90.000000000000000        9.19173317E-07   2.21174812    
   90.000000000000000        91.000000000000000        9.12470568E-07   2.79913497    
   91.000000000000000        92.000000000000000        8.84513042E-07   3.08166575    
   92.000000000000000        93.000000000000000        8.17661316E-07   2.44082737    
   93.000000000000000        94.000000000000000        8.11460723E-07   2.66275191    
   94.000000000000000        95.000000000000000        8.08265668E-07   2.81242371    
   95.000000000000000        96.000000000000000        7.66213759E-07   2.27069473    
   96.000000000000000        97.000000000000000        7.17353373E-07   2.83502483    
   97.000000000000000        98.000000000000000        7.11482755E-07   2.63131070    
   98.000000000000000        99.000000000000000        7.01638896E-07   2.74192333    
   99.000000000000000        100.00000000000000        7.07958975E-07   2.90258813    
   100.00000000000000        101.00000000000000        6.58075635E-07   2.98248029    
   101.00000000000000        102.00000000000000        6.70342047E-07   3.32522249    
   102.00000000000000        103.00000000000000        6.62978493E-07   3.09666228    
   103.00000000000000        104.00000000000000        6.07718107E-07   3.19166112    
   104.00000000000000        105.00000000000000        6.07266202E-07   3.27147388    
   105.00000000000000        106.00000000000000        5.61119919E-07   3.04816675    
   106.00000000000000        107.00000000000000        5.84042368E-07   3.18208814    
   107.00000000000000        108.00000000000000        5.57890985E-07   2.79942274    
   108.00000000000000        109.00000000000000        5.43055478E-07   3.02941966    
   109.00000000000000        110.00000000000000        5.08582332E-07   3.27930498    
   110.00000000000000        111.00000000000000        5.29570173E-07   3.12337542    
   111.00000000000000        112.00000000000000        5.20783033E-07   4.43522120    
   112.00000000000000        113.00000000000000        4.92207221E-07   3.23707867    
   113.00000000000000        114.00000000000000        4.89696390E-07   3.80407238    
   114.00000000000000        115.00000000000000        4.66388030E-07   3.13048410    
   115.00000000000000        116.00000000000000        4.59639125E-07   3.77046347    
   116.00000000000000        117.00000000000000        4.40581374E-07   3.50800419    
   117.00000000000000        118.00000000000000        4.31301231E-07   4.10200596    
   118.00000000000000        119.00000000000000        4.20878280E-07   3.16009045    
   119.00000000000000        120.00000000000000        3.96345456E-07   4.02251530    
   120.00000000000000        121.00000000000000        4.56819066E-07   3.99840403    
   121.00000000000000        122.00000000000000        3.99118562E-07   4.09006882    
   122.00000000000000        123.00000000000000        3.57030785E-07   2.82926726    
   123.00000000000000        124.00000000000000        3.70926699E-07   2.96595383    
   124.00000000000000        125.00000000000000        3.45168502E-07   3.10348749    
   125.00000000000000        126.00000000000000        3.37093013E-07   3.95582390    
   126.00000000000000        127.00000000000000        3.34540175E-07   3.75445819    
   127.00000000000000        128.00000000000000        3.26633568E-07   3.90880442    
   128.00000000000000        129.00000000000000        3.20530177E-07   3.69201040    
   129.00000000000000        130.00000000000000        3.43586919E-07   4.17103052    
   130.00000000000000        131.00000000000000        3.22991838E-07   4.69598818    
   131.00000000000000        132.00000000000000        3.03579867E-07   3.91844249    
   132.00000000000000        133.00000000000000        3.09233570E-07   4.03689671    
   133.00000000000000        134.00000000000000        2.85760620E-07   2.94450140    
   134.00000000000000        135.00000000000000        2.72171803E-07   3.55459595    
   135.00000000000000        136.00000000000000        2.73332859E-07   3.62716770    
   136.00000000000000        137.00000000000000        3.06380088E-07   4.43328905    
   137.00000000000000        138.00000000000000        2.74000996E-07   4.18611145    
   138.00000000000000        139.00000000000000        2.54465306E-07   5.26158857    
   139.00000000000000        140.00000000000000        2.56466308E-07   4.43569660    
   140.00000000000000        141.00000000000000        2.44048209E-07   4.90467453    
   141.00000000000000        142.00000000000000        2.38878499E-07   4.74473190    
   142.00000000000000        143.00000000000000        2.48082500E-07   4.17806673    
   143.00000000000000        144.00000000000000        2.40556176E-07   3.69019842    
   144.00000000000000        145.00000000000000        2.17868617E-07   3.72486663    
   145.00000000000000        146.00000000000000        2.23580216E-07   4.37591791    
   146.00000000000000        147.00000000000000        2.40082329E-07   4.21559763    
   147.00000000000000        148.00000000000000        2.40959139E-07   5.63070345    
   148.00000000000000        149.00000000000000        2.11254843E-07   3.96734142    
   149.00000000000000        150.00000000000000        2.08785153E-07   3.78788519    
   150.00000000000000        151.00000000000000        1.98160834E-07   3.53008389    
   151.00000000000000        152.00000000000000        2.00332536E-07   5.76510334    
   152.00000000000000        153.00000000000000        1.95996208E-07   3.99790716    
   153.00000000000000        154.00000000000000        1.88861335E-07   3.91611600    
   154.00000000000000        155.00000000000000        1.86246339E-07   4.92970181    
   155.00000000000000        156.00000000000000        1.90314807E-07   5.10565948    
   156.00000000000000        157.00000000000000        1.85154420E-07   5.91567326    
   157.00000000000000        158.00000000000000        1.88123209E-07   5.52893066    
   158.00000000000000        159.00000000000000        1.72701434E-07   4.06266022    
   159.00000000000000        160.00000000000000        1.74618265E-07   4.55736876    
   160.00000000000000        161.00000000000000        1.66771287E-07   3.74377632    
   161.00000000000000        162.00000000000000        1.76250467E-07   4.35115480    
   162.00000000000000        163.00000000000000        1.49431401E-07   3.85303497    
   163.00000000000000        164.00000000000000        1.49596715E-07   3.66994667    
   164.00000000000000        165.00000000000000        1.52084198E-07   4.53063917    
   165.00000000000000        166.00000000000000        1.47811349E-07   3.83074236    
   166.00000000000000        167.00000000000000        1.51888457E-07   4.92848587    
   167.00000000000000        168.00000000000000        1.42475812E-07   4.31823492    
   168.00000000000000        169.00000000000000        1.43253445E-07   4.65227461    
   169.00000000000000        170.00000000000000        1.37990781E-07   5.89511919    
   170.00000000000000        171.00000000000000        1.33500720E-07   4.65965033    
   171.00000000000000        172.00000000000000        1.28702311E-07   4.62787437    
   172.00000000000000        173.00000000000000        1.24032482E-07   4.25981665    
   173.00000000000000        174.00000000000000        1.32419572E-07   4.69623184    
   174.00000000000000        175.00000000000000        1.14622289E-07   4.20480919    
   175.00000000000000        176.00000000000000        1.18610572E-07   3.81106782    
   176.00000000000000        177.00000000000000        1.07111354E-07   3.90960574    
   177.00000000000000        178.00000000000000        1.18926479E-07   4.59982109    
   178.00000000000000        179.00000000000000        1.15517494E-07   5.27185965    
   179.00000000000000        180.00000000000000        1.01793098E-07   4.98038673    
   180.00000000000000        181.00000000000000        9.22684364E-08   4.20650864    
   181.00000000000000        182.00000000000000        8.93552965E-08   4.68930674    
   182.00000000000000        183.00000000000000        7.97840087E-08   5.28340101    
   183.00000000000000        184.00000000000000        7.56384324E-08   6.63117838    
   184.00000000000000        185.00000000000000        7.76511371E-08   6.53314018    
   185.00000000000000        186.00000000000000        6.57510455E-08   5.24216843    
   186.00000000000000        187.00000000000000        7.30824326E-08   6.32792854    
   187.00000000000000        188.00000000000000        6.70036897E-08   7.84258413    
   188.00000000000000        189.00000000000000        6.34177724E-08   5.81781435    
   189.00000000000000        190.00000000000000        6.07906046E-08   5.82644510    
   190.00000000000000        191.00000000000000        5.26608837E-08   4.86154795    
   191.00000000000000        192.00000000000000        6.33860466E-08   7.23750305    
   192.00000000000000        193.00000000000000        6.40471569E-08   9.88008404    
   193.00000000000000        194.00000000000000        5.15509448E-08   5.75979519    
   194.00000000000000        195.00000000000000        5.37048663E-08   5.15040970    
   195.00000000000000        196.00000000000000        5.97508816E-08   10.5859919    
   196.00000000000000        197.00000000000000        4.89258376E-08   7.29721546    
   197.00000000000000        198.00000000000000        4.56231746E-08   8.27269745    
   198.00000000000000        199.00000000000000        4.27741931E-08   6.72393799    
   199.00000000000000        200.00000000000000        4.24744862E-08   4.84851265    
   200.00000000000000        200.00000000000000        4.24744862E-08   4.84851265    
