 # Detector n: 1D Projection
   43.000000000000000        44.000000000000000        4.33028345E-06   1.68789399    
   44.000000000000000        45.000000000000000        3.90349896E-06   1.44526637    
   45.000000000000000        46.000000000000000        3.40472593E-06   1.69370627    
   46.000000000000000        47.000000000000000        2.89233071E-06   2.09109235    
   47.000000000000000        48.000000000000000        2.54302654E-06   2.62661791    
   48.000000000000000        49.000000000000000        2.32480875E-06   2.23236299    
   49.000000000000000        50.000000000000000        2.05175343E-06   2.15020823    
   50.000000000000000        51.000000000000000        1.85698673E-06   2.07614541    
   51.000000000000000        52.000000000000000        1.79752465E-06   2.35471845    
   52.000000000000000        53.000000000000000        1.68478687E-06   2.04089522    
   53.000000000000000        54.000000000000000        1.59336264E-06   2.42068815    
   54.000000000000000        55.000000000000000        1.57973784E-06   2.73116183    
   55.000000000000000        56.000000000000000        1.53810720E-06   2.74597335    
   56.000000000000000        57.000000000000000        1.40815155E-06   2.39339447    
   57.000000000000000        58.000000000000000        1.40663451E-06   2.55894637    
   58.000000000000000        59.000000000000000        1.34152492E-06   2.97445202    
   59.000000000000000        60.000000000000000        1.29508715E-06   2.43111467    
   60.000000000000000        61.000000000000000        1.25330700E-06   2.81032133    
   61.000000000000000        62.000000000000000        1.22637277E-06   3.10975218    
   62.000000000000000        63.000000000000000        1.08675636E-06   2.08989596    
   63.000000000000000        64.000000000000000        1.09225618E-06   2.67770028    
   64.000000000000000        65.000000000000000        1.12408361E-06   3.79203844    
   65.000000000000000        66.000000000000000        1.00835393E-06   3.47329330    
   66.000000000000000        67.000000000000000        9.41935411E-07   2.11507058    
   67.000000000000000        68.000000000000000        9.43126281E-07   4.17600727    
   68.000000000000000        69.000000000000000        8.91986417E-07   2.73305464    
   69.000000000000000        70.000000000000000        8.69038104E-07   2.53942299    
   70.000000000000000        71.000000000000000        8.25453753E-07   2.47224474    
   71.000000000000000        72.000000000000000        7.98112524E-07   2.95875931    
   72.000000000000000        73.000000000000000        7.76792547E-07   2.81277013    
   73.000000000000000        74.000000000000000        7.36961965E-07   3.13420486    
   74.000000000000000        75.000000000000000        7.16985028E-07   3.76054454    
   75.000000000000000        76.000000000000000        7.11962116E-07   3.48346043    
   76.000000000000000        77.000000000000000        6.09728602E-07   2.53404403    
   77.000000000000000        78.000000000000000        6.31939770E-07   2.92483187    
   78.000000000000000        79.000000000000000        6.00727105E-07   3.29203820    
   79.000000000000000        80.000000000000000        5.59133525E-07   3.46538019    
   80.000000000000000        81.000000000000000        5.54488963E-07   3.70862293    
   81.000000000000000        82.000000000000000        5.54024496E-07   2.93581033    
   82.000000000000000        83.000000000000000        5.26125973E-07   3.61185002    
   83.000000000000000        84.000000000000000        5.00086799E-07   3.89964843    
   84.000000000000000        85.000000000000000        4.96705752E-07   3.43125200    
   85.000000000000000        86.000000000000000        4.72323450E-07   4.20898104    
   86.000000000000000        87.000000000000000        4.48792036E-07   2.93782830    
   87.000000000000000        88.000000000000000        4.39752569E-07   3.65119267    
   88.000000000000000        89.000000000000000        4.62414931E-07   3.74804926    
   89.000000000000000        90.000000000000000        4.23930771E-07   3.53676677    
   90.000000000000000        91.000000000000000        3.73050625E-07   2.98336935    
   91.000000000000000        92.000000000000000        3.56614692E-07   3.14489317    
   92.000000000000000        93.000000000000000        4.01932624E-07   5.43438387    
   93.000000000000000        94.000000000000000        3.35292128E-07   3.21617937    
   94.000000000000000        95.000000000000000        3.38666922E-07   3.80750513    
   95.000000000000000        96.000000000000000        3.24800340E-07   4.38526344    
   96.000000000000000        97.000000000000000        3.36935074E-07   3.60235381    
   97.000000000000000        98.000000000000000        3.03300425E-07   3.59492087    
   98.000000000000000        99.000000000000000        2.91524884E-07   4.44567156    
   99.000000000000000        100.00000000000000        2.85931236E-07   4.86786747    
   100.00000000000000        101.00000000000000        2.72185304E-07   4.82155132    
   101.00000000000000        102.00000000000000        2.41240542E-07   3.32307887    
   102.00000000000000        103.00000000000000        2.81264278E-07   5.05189323    
   103.00000000000000        104.00000000000000        2.55681130E-07   5.90540743    
   104.00000000000000        105.00000000000000        2.20798043E-07   3.70110559    
   105.00000000000000        106.00000000000000        2.20570513E-07   3.59915972    
   106.00000000000000        107.00000000000000        2.20307882E-07   4.62041998    
   107.00000000000000        108.00000000000000        2.09017728E-07   5.09148741    
   108.00000000000000        109.00000000000000        2.14662691E-07   5.02454758    
   109.00000000000000        110.00000000000000        2.06520667E-07   4.15255976    
   110.00000000000000        111.00000000000000        1.86837539E-07   4.24090004    
   111.00000000000000        112.00000000000000        2.08291112E-07   4.51961517    
   112.00000000000000        113.00000000000000        2.07528444E-07   6.72985077    
   113.00000000000000        114.00000000000000        1.73736467E-07   4.14087915    
   114.00000000000000        115.00000000000000        1.86627091E-07   5.31523514    
   115.00000000000000        116.00000000000000        1.63163563E-07   3.70517492    
   116.00000000000000        117.00000000000000        1.57509007E-07   4.07932377    
   117.00000000000000        118.00000000000000        1.49314872E-07   3.78532267    
   118.00000000000000        119.00000000000000        1.48057609E-07   3.93441653    
   119.00000000000000        120.00000000000000        1.55968877E-07   5.33275890    
   120.00000000000000        121.00000000000000        1.42695896E-07   5.16779089    
   121.00000000000000        122.00000000000000        1.39640761E-07   5.22337341    
   122.00000000000000        123.00000000000000        1.46721931E-07   5.62992334    
   123.00000000000000        124.00000000000000        1.37194078E-07   4.62390709    
   124.00000000000000        125.00000000000000        1.22868769E-07   4.72804070    
   125.00000000000000        126.00000000000000        1.34116988E-07   6.51074266    
   126.00000000000000        127.00000000000000        1.30131113E-07   6.49452448    
   127.00000000000000        128.00000000000000        1.25934307E-07   6.56536674    
   128.00000000000000        129.00000000000000        1.43877458E-07   7.21722317    
   129.00000000000000        130.00000000000000        1.11794890E-07   6.05509710    
   130.00000000000000        131.00000000000000        1.08144050E-07   6.35660219    
   131.00000000000000        132.00000000000000        9.90709452E-08   4.69694519    
   132.00000000000000        133.00000000000000        9.78778019E-08   4.99125719    
   133.00000000000000        134.00000000000000        1.08580636E-07   7.55966520    
   134.00000000000000        135.00000000000000        1.00465996E-07   5.92111921    
   135.00000000000000        136.00000000000000        9.01707580E-08   5.55544472    
   136.00000000000000        137.00000000000000        9.63102380E-08   8.55819702    
   137.00000000000000        138.00000000000000        9.67747695E-08   4.86466026    
   138.00000000000000        139.00000000000000        8.76596289E-08   8.98623276    
   139.00000000000000        140.00000000000000        7.79455931E-08   5.06054974    
   140.00000000000000        141.00000000000000        8.00178199E-08   6.95606375    
   141.00000000000000        142.00000000000000        8.78555255E-08   7.81728268    
   142.00000000000000        143.00000000000000        8.08506329E-08   7.47189379    
   143.00000000000000        144.00000000000000        7.36566861E-08   5.41063404    
   144.00000000000000        145.00000000000000        8.03144289E-08   4.96380138    
   145.00000000000000        146.00000000000000        7.40587041E-08   7.46712255    
   146.00000000000000        147.00000000000000        6.66260931E-08   4.67080164    
   147.00000000000000        148.00000000000000        6.00527841E-08   4.30514908    
   148.00000000000000        149.00000000000000        5.90372338E-08   4.77733707    
   149.00000000000000        150.00000000000000        6.43090132E-08   6.70874357    
   150.00000000000000        151.00000000000000        6.37306314E-08   6.24517918    
   151.00000000000000        152.00000000000000        6.31468282E-08   9.64267921    
   152.00000000000000        153.00000000000000        6.24136192E-08   4.78900623    
   153.00000000000000        154.00000000000000        5.46498988E-08   9.31528664    
   154.00000000000000        155.00000000000000        5.36767466E-08   4.65444326    
   155.00000000000000        156.00000000000000        6.73780818E-08   10.6081114    
   156.00000000000000        157.00000000000000        5.41803118E-08   6.96084404    
   157.00000000000000        158.00000000000000        4.75181530E-08   5.88980961    
   158.00000000000000        159.00000000000000        4.72692641E-08   4.61165810    
   159.00000000000000        160.00000000000000        4.72752397E-08   7.30114079    
   160.00000000000000        161.00000000000000        4.95251449E-08   8.80170536    
   161.00000000000000        162.00000000000000        4.70346855E-08   7.22974014    
   162.00000000000000        163.00000000000000        5.06940481E-08   7.60953808    
   163.00000000000000        164.00000000000000        4.01655242E-08   5.26008034    
   164.00000000000000        165.00000000000000        4.63934278E-08   8.40098953    
   165.00000000000000        166.00000000000000        4.11056078E-08   6.99133492    
   166.00000000000000        167.00000000000000        4.48749162E-08   8.99949932    
   167.00000000000000        168.00000000000000        3.93152035E-08   5.99837923    
   168.00000000000000        169.00000000000000        4.45954917E-08   9.89328766    
   169.00000000000000        170.00000000000000        4.01436324E-08   7.60664177    
   170.00000000000000        171.00000000000000        4.31692939E-08   10.1083908    
   171.00000000000000        172.00000000000000        3.42221504E-08   7.86070299    
   172.00000000000000        173.00000000000000        3.49785125E-08   6.17004681    
   173.00000000000000        174.00000000000000        3.48015270E-08   6.89944839    
   174.00000000000000        175.00000000000000        3.10375228E-08   5.86517525    
   175.00000000000000        176.00000000000000        3.33875825E-08   9.40494823    
   176.00000000000000        177.00000000000000        3.70541748E-08   7.96649313    
   177.00000000000000        178.00000000000000        2.80622103E-08   7.37816858    
   178.00000000000000        179.00000000000000        3.93214847E-08   12.5845547    
   179.00000000000000        180.00000000000000        3.01545633E-08   7.46887922    
   180.00000000000000        181.00000000000000        2.90165225E-08   6.54942703    
   181.00000000000000        182.00000000000000        2.78587198E-08   8.95142269    
   182.00000000000000        183.00000000000000        2.58976574E-08   7.86388063    
   183.00000000000000        184.00000000000000        2.67282445E-08   7.92474890    
   184.00000000000000        185.00000000000000        2.41161437E-08   11.2334414    
   185.00000000000000        186.00000000000000        3.02033172E-08   12.8506260    
   186.00000000000000        187.00000000000000        2.04383337E-08   6.84125185    
   187.00000000000000        188.00000000000000        2.42548666E-08   7.00393009    
   188.00000000000000        189.00000000000000        2.20579821E-08   13.1771240    
   189.00000000000000        190.00000000000000        2.16353193E-08   9.04037285    
   190.00000000000000        191.00000000000000        1.72975518E-08   6.45030308    
   191.00000000000000        192.00000000000000        1.84732194E-08   8.19410801    
   192.00000000000000        193.00000000000000        1.71447887E-08   6.99082756    
   193.00000000000000        194.00000000000000        2.01601118E-08   7.22362089    
   194.00000000000000        195.00000000000000        1.72151609E-08   12.1179304    
   195.00000000000000        196.00000000000000        1.76874604E-08   16.2403793    
   196.00000000000000        197.00000000000000        1.91396605E-08   9.62267780    
   197.00000000000000        198.00000000000000        1.47361376E-08   7.24207830    
   198.00000000000000        199.00000000000000        1.42951588E-08   8.76549721    
   199.00000000000000        200.00000000000000        1.21938086E-08   6.30282307    
   200.00000000000000        201.00000000000000        1.37986964E-08   10.6570358    
   201.00000000000000        202.00000000000000        1.39814453E-08   12.5637484    
   202.00000000000000        203.00000000000000        1.22662076E-08   7.14921141    
   203.00000000000000        204.00000000000000        1.42098280E-08   11.2154922    
   204.00000000000000        205.00000000000000        1.49139066E-08   33.1357727    
   205.00000000000000        206.00000000000000        1.44631196E-08   10.6129408    
   206.00000000000000        207.00000000000000        1.19614558E-08   7.80331850    
   207.00000000000000        208.00000000000000        1.15375771E-08   21.8095875    
   208.00000000000000        209.00000000000000        1.22539232E-08   21.8850384    
   209.00000000000000        210.00000000000000        1.13415135E-08   9.49099636    
   210.00000000000000        211.00000000000000        9.94890925E-09   13.2531967    
   211.00000000000000        212.00000000000000        1.10962413E-08   14.3647728    
   212.00000000000000        213.00000000000000        8.24796853E-09   8.47917271    
   213.00000000000000        214.00000000000000        7.85858401E-09   7.91454458    
   214.00000000000000        215.00000000000000        1.13944711E-08   14.0531693    
   215.00000000000000        216.00000000000000        8.76029471E-09   18.1690922    
   216.00000000000000        217.00000000000000        7.72051933E-09   9.36633301    
   217.00000000000000        218.00000000000000        9.86603066E-09   9.68798923    
   218.00000000000000        219.00000000000000        8.12178946E-09   9.76530647    
   219.00000000000000        220.00000000000000        7.99533506E-09   14.6144524    
   220.00000000000000        221.00000000000000        7.47693019E-09   13.5388699    
   221.00000000000000        222.00000000000000        1.07762936E-08   38.5977478    
   222.00000000000000        223.00000000000000        9.56723500E-09   14.5174713    
   223.00000000000000        224.00000000000000        7.71764608E-09   13.3582325    
   224.00000000000000        225.00000000000000        5.39802070E-09   15.1715298    
   225.00000000000000        226.00000000000000        5.79198822E-09   7.38848352    
   226.00000000000000        227.00000000000000        6.83073864E-09   9.97988510    
   227.00000000000000        228.00000000000000        5.99881300E-09   18.6028099    
   228.00000000000000        229.00000000000000        4.45642412E-09   12.3557129    
   229.00000000000000        230.00000000000000        4.76831419E-09   10.4572010    
   230.00000000000000        231.00000000000000        6.29072083E-09   16.9325142    
   231.00000000000000        232.00000000000000        4.12568690E-09   22.3930759    
   232.00000000000000        233.00000000000000        7.01562053E-09   16.6918125    
   233.00000000000000        234.00000000000000        7.27771310E-09   29.7232838    
   234.00000000000000        235.00000000000000        3.47825413E-09   16.9816971    
   235.00000000000000        236.00000000000000        6.09993700E-09   29.3866367    
   236.00000000000000        237.00000000000000        5.26466915E-09   16.4816132    
   237.00000000000000        238.00000000000000        6.51465548E-09   17.7642670    
   238.00000000000000        239.00000000000000        5.08171683E-09   14.7049694    
   239.00000000000000        240.00000000000000        4.19148716E-09   12.8384933    
   240.00000000000000        240.00000000000000        4.19148716E-09   12.8384933    
