 # Detector n: 1D Projection
   42.000000000000000        43.000000000000000        5.37997448E-06   1.78882086    
   43.000000000000000        44.000000000000000        4.99981297E-06   1.46351159    
   44.000000000000000        45.000000000000000        4.35949232E-06   1.85188460    
   45.000000000000000        46.000000000000000        3.72418026E-06   1.59896505    
   46.000000000000000        47.000000000000000        3.18052594E-06   2.02682233    
   47.000000000000000        48.000000000000000        2.92638947E-06   2.06300330    
   48.000000000000000        49.000000000000000        2.64601749E-06   1.70094800    
   49.000000000000000        50.000000000000000        2.52463724E-06   2.06613827    
   50.000000000000000        51.000000000000000        2.37521544E-06   2.07648659    
   51.000000000000000        52.000000000000000        2.29425996E-06   2.42513299    
   52.000000000000000        53.000000000000000        2.15051250E-06   2.12621856    
   53.000000000000000        54.000000000000000        2.11793872E-06   2.49670744    
   54.000000000000000        55.000000000000000        1.99762349E-06   2.22546577    
   55.000000000000000        56.000000000000000        1.91235495E-06   2.49455619    
   56.000000000000000        57.000000000000000        1.80633378E-06   2.03786588    
   57.000000000000000        58.000000000000000        1.74229410E-06   2.41885424    
   58.000000000000000        59.000000000000000        1.74589252E-06   2.63421130    
   59.000000000000000        60.000000000000000        1.66424616E-06   1.99156678    
   60.000000000000000        61.000000000000000        1.65174242E-06   2.40715861    
   61.000000000000000        62.000000000000000        1.47845981E-06   2.19552588    
   62.000000000000000        63.000000000000000        1.49982225E-06   2.46364021    
   63.000000000000000        64.000000000000000        1.39186523E-06   1.97388291    
   64.000000000000000        65.000000000000000        1.34478364E-06   2.42529559    
   65.000000000000000        66.000000000000000        1.28938370E-06   2.36768794    
   66.000000000000000        67.000000000000000        1.23675204E-06   2.37976742    
   67.000000000000000        68.000000000000000        1.15710350E-06   2.14524651    
   68.000000000000000        69.000000000000000        1.16147385E-06   2.76289368    
   69.000000000000000        70.000000000000000        1.10612768E-06   2.28710103    
   70.000000000000000        71.000000000000000        1.02987644E-06   2.60357070    
   71.000000000000000        72.000000000000000        1.05114452E-06   3.10180092    
   72.000000000000000        73.000000000000000        9.90866511E-07   3.06871986    
   73.000000000000000        74.000000000000000        9.55116207E-07   3.19200897    
   74.000000000000000        75.000000000000000        9.02271211E-07   2.33857369    
   75.000000000000000        76.000000000000000        8.40734913E-07   2.48534632    
   76.000000000000000        77.000000000000000        7.83687824E-07   2.24704361    
   77.000000000000000        78.000000000000000        8.03196201E-07   2.72731447    
   78.000000000000000        79.000000000000000        7.46390867E-07   2.80987072    
   79.000000000000000        80.000000000000000        7.50579886E-07   3.41466856    
   80.000000000000000        81.000000000000000        7.26110102E-07   2.52618837    
   81.000000000000000        82.000000000000000        7.01083820E-07   2.94464493    
   82.000000000000000        83.000000000000000        6.80181074E-07   4.03493214    
   83.000000000000000        84.000000000000000        6.57425232E-07   3.12806821    
   84.000000000000000        85.000000000000000        6.36455638E-07   3.00447631    
   85.000000000000000        86.000000000000000        5.75593560E-07   2.77111554    
   86.000000000000000        87.000000000000000        5.68418386E-07   3.41051674    
   87.000000000000000        88.000000000000000        5.83017027E-07   3.19219685    
   88.000000000000000        89.000000000000000        5.26925533E-07   3.09575319    
   89.000000000000000        90.000000000000000        4.93548725E-07   2.84459138    
   90.000000000000000        91.000000000000000        4.68948372E-07   3.10280323    
   91.000000000000000        92.000000000000000        4.81826135E-07   3.47254467    
   92.000000000000000        93.000000000000000        4.67219650E-07   3.52085090    
   93.000000000000000        94.000000000000000        4.45362900E-07   3.25981593    
   94.000000000000000        95.000000000000000        4.30840146E-07   2.86336613    
   95.000000000000000        96.000000000000000        4.18114894E-07   3.91445899    
   96.000000000000000        97.000000000000000        4.21378189E-07   3.30800557    
   97.000000000000000        98.000000000000000        4.06698064E-07   3.98626113    
   98.000000000000000        99.000000000000000        3.76386538E-07   3.48926830    
   99.000000000000000        100.00000000000000        3.68842166E-07   4.10693359    
   100.00000000000000        101.00000000000000        3.39591054E-07   3.52333450    
   101.00000000000000        102.00000000000000        3.25461684E-07   3.38628817    
   102.00000000000000        103.00000000000000        3.27571371E-07   3.45288467    
   103.00000000000000        104.00000000000000        3.30961200E-07   3.49407339    
   104.00000000000000        105.00000000000000        3.13264081E-07   6.16817665    
   105.00000000000000        106.00000000000000        3.21963114E-07   5.55900097    
   106.00000000000000        107.00000000000000        2.84895862E-07   3.38972330    
   107.00000000000000        108.00000000000000        2.73647515E-07   3.64478874    
   108.00000000000000        109.00000000000000        2.73175203E-07   3.38109875    
   109.00000000000000        110.00000000000000        2.70564328E-07   3.05203676    
   110.00000000000000        111.00000000000000        2.67470995E-07   4.41229868    
   111.00000000000000        112.00000000000000        2.56315843E-07   4.30013180    
   112.00000000000000        113.00000000000000        2.37339151E-07   3.69219065    
   113.00000000000000        114.00000000000000        2.36384139E-07   4.56234789    
   114.00000000000000        115.00000000000000        2.29780397E-07   8.09639835    
   115.00000000000000        116.00000000000000        2.39123125E-07   4.36839294    
   116.00000000000000        117.00000000000000        2.13947999E-07   3.41526413    
   117.00000000000000        118.00000000000000        2.12455134E-07   4.12650347    
   118.00000000000000        119.00000000000000        2.08444575E-07   4.35554361    
   119.00000000000000        120.00000000000000        1.98313231E-07   3.89653659    
   120.00000000000000        121.00000000000000        1.89185059E-07   5.27517176    
   121.00000000000000        122.00000000000000        1.86651633E-07   4.17984819    
   122.00000000000000        123.00000000000000        1.93745990E-07   8.96951771    
   123.00000000000000        124.00000000000000        1.82701470E-07   3.90294075    
   124.00000000000000        125.00000000000000        1.76749765E-07   5.45621109    
   125.00000000000000        126.00000000000000        1.56296281E-07   6.49389982    
   126.00000000000000        127.00000000000000        1.63962113E-07   4.21696138    
   127.00000000000000        128.00000000000000        1.64407027E-07   6.23273039    
   128.00000000000000        129.00000000000000        1.60197317E-07   5.54077721    
   129.00000000000000        130.00000000000000        1.35399631E-07   3.96449757    
   130.00000000000000        131.00000000000000        1.42066384E-07   5.35702276    
   131.00000000000000        132.00000000000000        1.55818157E-07   4.35777521    
   132.00000000000000        133.00000000000000        1.51362130E-07   6.01000547    
   133.00000000000000        134.00000000000000        1.49956847E-07   6.57756710    
   134.00000000000000        135.00000000000000        1.29417103E-07   5.12693357    
   135.00000000000000        136.00000000000000        1.31265594E-07   4.62201595    
   136.00000000000000        137.00000000000000        1.26600540E-07   6.27314758    
   137.00000000000000        138.00000000000000        1.23949690E-07   4.82117701    
   138.00000000000000        139.00000000000000        1.09005491E-07   5.23006630    
   139.00000000000000        140.00000000000000        1.22219234E-07   6.59278011    
   140.00000000000000        141.00000000000000        1.11821429E-07   4.99412727    
   141.00000000000000        142.00000000000000        1.16803541E-07   8.17812824    
   142.00000000000000        143.00000000000000        1.09677671E-07   5.91022968    
   143.00000000000000        144.00000000000000        1.03367483E-07   7.43935394    
   144.00000000000000        145.00000000000000        9.61885789E-08   5.66299534    
   145.00000000000000        146.00000000000000        9.41424219E-08   7.78750610    
   146.00000000000000        147.00000000000000        9.08252815E-08   6.67637587    
   147.00000000000000        148.00000000000000        9.97689114E-08   8.97608471    
   148.00000000000000        149.00000000000000        8.79141027E-08   6.72729015    
   149.00000000000000        150.00000000000000        9.63600399E-08   6.41277266    
   150.00000000000000        151.00000000000000        8.36112335E-08   3.88794613    
   151.00000000000000        152.00000000000000        7.73442963E-08   7.46236610    
   152.00000000000000        153.00000000000000        7.74494708E-08   5.76970816    
   153.00000000000000        154.00000000000000        8.48695692E-08   4.81199265    
   154.00000000000000        155.00000000000000        7.01816987E-08   5.74402237    
   155.00000000000000        156.00000000000000        7.35750305E-08   7.62167549    
   156.00000000000000        157.00000000000000        7.55951319E-08   5.72966337    
   157.00000000000000        158.00000000000000        6.39376410E-08   4.97677279    
   158.00000000000000        159.00000000000000        7.11386861E-08   9.88613319    
   159.00000000000000        160.00000000000000        6.41727951E-08   5.36357832    
   160.00000000000000        161.00000000000000        6.39078337E-08   4.56348896    
   161.00000000000000        162.00000000000000        7.11203398E-08   6.74196053    
   162.00000000000000        163.00000000000000        6.53519834E-08   10.3139677    
   163.00000000000000        164.00000000000000        5.32901474E-08   4.80467319    
   164.00000000000000        165.00000000000000        5.94651262E-08   6.05915022    
   165.00000000000000        166.00000000000000        6.06083006E-08   10.4288111    
   166.00000000000000        167.00000000000000        5.40100977E-08   5.89120340    
   167.00000000000000        168.00000000000000        5.73050087E-08   6.84499073    
   168.00000000000000        169.00000000000000        5.32269944E-08   5.87832928    
   169.00000000000000        170.00000000000000        5.27329469E-08   6.98975754    
   170.00000000000000        171.00000000000000        4.57725484E-08   7.25851965    
   171.00000000000000        172.00000000000000        5.28872874E-08   7.83838987    
   172.00000000000000        173.00000000000000        5.14278788E-08   7.69526863    
   173.00000000000000        174.00000000000000        5.23465467E-08   7.08438540    
   174.00000000000000        175.00000000000000        4.53812063E-08   13.8862247    
   175.00000000000000        176.00000000000000        4.20783870E-08   5.17804575    
   176.00000000000000        177.00000000000000        4.37735359E-08   6.42947102    
   177.00000000000000        178.00000000000000        3.91666326E-08   7.25565529    
   178.00000000000000        179.00000000000000        3.72415663E-08   6.09416819    
   179.00000000000000        180.00000000000000        4.14056487E-08   7.48626089    
   180.00000000000000        181.00000000000000        3.54605447E-08   6.59600878    
   181.00000000000000        182.00000000000000        4.01840090E-08   8.57741356    
   182.00000000000000        183.00000000000000        3.51041791E-08   9.98966312    
   183.00000000000000        184.00000000000000        3.54576173E-08   9.94919872    
   184.00000000000000        185.00000000000000        3.64052894E-08   7.18343687    
   185.00000000000000        186.00000000000000        3.41747075E-08   11.0415506    
   186.00000000000000        187.00000000000000        3.79878493E-08   18.0590782    
   187.00000000000000        188.00000000000000        2.59353374E-08   6.20601177    
   188.00000000000000        189.00000000000000        2.85114403E-08   8.55658054    
   189.00000000000000        190.00000000000000        2.38594478E-08   4.90083981    
   190.00000000000000        191.00000000000000        2.62075162E-08   9.18348312    
   191.00000000000000        192.00000000000000        2.45097258E-08   8.11151886    
   192.00000000000000        193.00000000000000        2.26344721E-08   7.21135950    
   193.00000000000000        194.00000000000000        2.24470096E-08   8.14493370    
   194.00000000000000        195.00000000000000        2.36851871E-08   7.83422565    
   195.00000000000000        196.00000000000000        2.43182505E-08   7.57579899    
   196.00000000000000        197.00000000000000        1.88550899E-08   8.74996758    
   197.00000000000000        198.00000000000000        2.42046205E-08   7.34809399    
   198.00000000000000        199.00000000000000        1.87051992E-08   7.09660196    
   199.00000000000000        200.00000000000000        2.21932765E-08   19.5821552    
   200.00000000000000        201.00000000000000        2.19150138E-08   6.95412683    
   201.00000000000000        202.00000000000000        1.68034404E-08   6.58492088    
   202.00000000000000        203.00000000000000        2.40817926E-08   10.0844545    
   203.00000000000000        204.00000000000000        1.73377508E-08   7.39025259    
   204.00000000000000        205.00000000000000        1.94664178E-08   14.9653111    
   205.00000000000000        206.00000000000000        1.59839093E-08   8.10209942    
   206.00000000000000        207.00000000000000        1.38488776E-08   8.15224361    
   207.00000000000000        208.00000000000000        1.76974613E-08   10.4570608    
   208.00000000000000        209.00000000000000        1.51775623E-08   10.8906155    
   209.00000000000000        210.00000000000000        1.29803075E-08   8.63986874    
   210.00000000000000        211.00000000000000        1.39156979E-08   9.31958485    
   211.00000000000000        212.00000000000000        1.16075132E-08   7.22785759    
   212.00000000000000        213.00000000000000        1.17892620E-08   11.8917723    
   213.00000000000000        214.00000000000000        1.34341684E-08   8.08964157    
   214.00000000000000        215.00000000000000        1.08156506E-08   7.45047712    
   215.00000000000000        216.00000000000000        1.09104752E-08   19.9089489    
   216.00000000000000        217.00000000000000        1.38020537E-08   9.26007652    
   217.00000000000000        218.00000000000000        9.19369558E-09   9.35736370    
   218.00000000000000        219.00000000000000        1.22144019E-08   12.4142094    
   219.00000000000000        220.00000000000000        1.25118369E-08   10.7918930    
   220.00000000000000        221.00000000000000        1.10816281E-08   11.7706375    
   221.00000000000000        222.00000000000000        1.50375037E-08   24.7114620    
   222.00000000000000        223.00000000000000        6.39520747E-09   9.39873600    
   223.00000000000000        224.00000000000000        9.33725630E-09   10.4980297    
   224.00000000000000        225.00000000000000        8.11296541E-09   11.1057987    
   225.00000000000000        226.00000000000000        1.04791926E-08   27.2069302    
   226.00000000000000        227.00000000000000        1.00776925E-08   34.8167915    
   227.00000000000000        228.00000000000000        6.60887922E-09   11.1672077    
   228.00000000000000        229.00000000000000        1.00081845E-08   15.1386957    
   229.00000000000000        230.00000000000000        7.15261628E-09   10.7717190    
   230.00000000000000        230.00000000000000        7.15261628E-09   10.7717190    
