 # Detector n: 1D Projection
   48.000000000000000        49.000000000000000        2.50787048E-06   3.17731571    
   49.000000000000000        50.000000000000000        2.28256476E-06   1.70777547    
   50.000000000000000        51.000000000000000        1.49835159E-06   2.18559361    
   51.000000000000000        52.000000000000000        1.16110357E-06   2.43030047    
   52.000000000000000        53.000000000000000        9.00723933E-07   3.02354598    
   53.000000000000000        54.000000000000000        7.71339273E-07   3.43300700    
   54.000000000000000        55.000000000000000        6.90657032E-07   5.31139278    
   55.000000000000000        56.000000000000000        6.11170151E-07   4.48689890    
   56.000000000000000        57.000000000000000        5.24773156E-07   3.61106324    
   57.000000000000000        58.000000000000000        4.71132353E-07   4.24506950    
   58.000000000000000        59.000000000000000        4.14208216E-07   3.42730093    
   59.000000000000000        60.000000000000000        4.04978039E-07   5.81077147    
   60.000000000000000        61.000000000000000        3.51927412E-07   4.39597273    
   61.000000000000000        62.000000000000000        3.34888114E-07   4.11142778    
   62.000000000000000        63.000000000000000        3.21657836E-07   5.09852600    
   63.000000000000000        64.000000000000000        3.08057139E-07   4.83572626    
   64.000000000000000        65.000000000000000        2.62761120E-07   3.50334501    
   65.000000000000000        66.000000000000000        2.63613913E-07   5.55191946    
   66.000000000000000        67.000000000000000        2.54952454E-07   3.95369315    
   67.000000000000000        68.000000000000000        2.60803660E-07   5.32401037    
   68.000000000000000        69.000000000000000        2.16632600E-07   4.33964777    
   69.000000000000000        70.000000000000000        2.03991675E-07   3.82029939    
   70.000000000000000        71.000000000000000        1.72313420E-07   3.59457278    
   71.000000000000000        72.000000000000000        2.06551277E-07   6.88721609    
   72.000000000000000        73.000000000000000        1.82049988E-07   4.05292606    
   73.000000000000000        74.000000000000000        1.64702698E-07   5.27172136    
   74.000000000000000        75.000000000000000        1.81264070E-07   5.60015869    
   75.000000000000000        76.000000000000000        1.52125239E-07   4.84650707    
   76.000000000000000        77.000000000000000        1.48244979E-07   5.85722351    
   77.000000000000000        78.000000000000000        1.30445187E-07   5.35909700    
   78.000000000000000        79.000000000000000        1.25594354E-07   5.57455111    
   79.000000000000000        80.000000000000000        1.13659780E-07   4.93937111    
   80.000000000000000        81.000000000000000        1.10066324E-07   4.00514555    
   81.000000000000000        82.000000000000000        9.98953666E-08   4.48582458    
   82.000000000000000        83.000000000000000        1.14547795E-07   6.18637609    
   83.000000000000000        84.000000000000000        1.04804101E-07   8.80400658    
   84.000000000000000        85.000000000000000        9.52357979E-08   5.80407238    
   85.000000000000000        86.000000000000000        9.45690317E-08   8.07657528    
   86.000000000000000        87.000000000000000        9.43037719E-08   5.97457266    
   87.000000000000000        88.000000000000000        8.45159889E-08   5.23967409    
   88.000000000000000        89.000000000000000        8.06173048E-08   6.98186827    
   89.000000000000000        90.000000000000000        7.69886697E-08   8.28060150    
   90.000000000000000        91.000000000000000        7.18021127E-08   5.96886683    
   91.000000000000000        92.000000000000000        7.25731297E-08   7.68426752    
   92.000000000000000        93.000000000000000        7.54668861E-08   6.13390541    
   93.000000000000000        94.000000000000000        7.01511098E-08   7.07545519    
   94.000000000000000        95.000000000000000        6.95181726E-08   4.95927048    
   95.000000000000000        96.000000000000000        8.03768430E-08   14.2779236    
   96.000000000000000        97.000000000000000        5.37913074E-08   6.50524807    
   97.000000000000000        98.000000000000000        6.55061285E-08   9.24810410    
   98.000000000000000        99.000000000000000        5.20959240E-08   7.56913662    
   99.000000000000000        100.00000000000000        5.71809338E-08   9.83764458    
   100.00000000000000        101.00000000000000        4.59718592E-08   5.27472830    
   101.00000000000000        102.00000000000000        5.02133517E-08   7.81719828    
   102.00000000000000        103.00000000000000        4.91334191E-08   13.5414066    
   103.00000000000000        104.00000000000000        4.19345518E-08   5.39423084    
   104.00000000000000        105.00000000000000        4.73585438E-08   13.1679583    
   105.00000000000000        106.00000000000000        3.99721714E-08   5.63836575    
   106.00000000000000        107.00000000000000        4.29929585E-08   6.22702789    
   107.00000000000000        108.00000000000000        3.84682117E-08   9.67460728    
   108.00000000000000        109.00000000000000        3.43072806E-08   7.35460949    
   109.00000000000000        110.00000000000000        3.77571112E-08   13.1574202    
   110.00000000000000        111.00000000000000        3.14990167E-08   6.19625664    
   111.00000000000000        112.00000000000000        3.27002994E-08   7.76223612    
   112.00000000000000        113.00000000000000        3.01506482E-08   7.43836689    
   113.00000000000000        114.00000000000000        3.06893995E-08   8.22419453    
   114.00000000000000        115.00000000000000        2.61908912E-08   6.77507687    
   115.00000000000000        116.00000000000000        2.92458626E-08   13.1637068    
   116.00000000000000        117.00000000000000        2.90615052E-08   11.6427145    
   117.00000000000000        118.00000000000000        3.01933696E-08   11.7852736    
   118.00000000000000        119.00000000000000        2.93083815E-08   11.6672115    
   119.00000000000000        120.00000000000000        2.24320171E-08   6.45160580    
   120.00000000000000        121.00000000000000        2.21248211E-08   8.15432453    
   121.00000000000000        122.00000000000000        2.22233751E-08   9.34533310    
   122.00000000000000        123.00000000000000        2.13639755E-08   8.35503960    
   123.00000000000000        124.00000000000000        2.17543139E-08   9.88638592    
   124.00000000000000        125.00000000000000        2.28412631E-08   9.86216640    
   125.00000000000000        126.00000000000000        2.78343713E-08   19.6747475    
   126.00000000000000        127.00000000000000        2.11576321E-08   7.47578239    
   127.00000000000000        128.00000000000000        1.96695122E-08   17.6716576    
   128.00000000000000        129.00000000000000        1.96391738E-08   8.11380196    
   129.00000000000000        130.00000000000000        2.02886827E-08   8.08890724    
   130.00000000000000        131.00000000000000        2.66936908E-08   18.3935623    
   131.00000000000000        132.00000000000000        1.43095855E-08   7.51822948    
   132.00000000000000        133.00000000000000        1.47320209E-08   7.31035233    
   133.00000000000000        134.00000000000000        1.76875368E-08   9.88229370    
   134.00000000000000        135.00000000000000        1.69954415E-08   8.40310669    
   135.00000000000000        136.00000000000000        1.74491799E-08   9.33106613    
   136.00000000000000        137.00000000000000        1.47290677E-08   7.75044107    
   137.00000000000000        138.00000000000000        1.39153054E-08   15.0965366    
   138.00000000000000        139.00000000000000        1.40775445E-08   9.26854801    
   139.00000000000000        140.00000000000000        1.42454093E-08   10.5339613    
   140.00000000000000        141.00000000000000        1.27094957E-08   9.21158600    
   141.00000000000000        142.00000000000000        1.61548481E-08   13.7419434    
   142.00000000000000        143.00000000000000        1.16098562E-08   12.8504200    
   143.00000000000000        144.00000000000000        1.09181952E-08   7.20302629    
   144.00000000000000        145.00000000000000        1.35200064E-08   12.9105005    
   145.00000000000000        146.00000000000000        1.02139843E-08   13.1699429    
   146.00000000000000        147.00000000000000        1.23006592E-08   15.4888172    
   147.00000000000000        148.00000000000000        1.36146632E-08   14.0704889    
   148.00000000000000        149.00000000000000        8.96916941E-09   31.5842953    
   149.00000000000000        150.00000000000000        1.31528752E-08   43.1237755    
   150.00000000000000        151.00000000000000        8.47907433E-09   10.2470484    
   151.00000000000000        152.00000000000000        9.64928404E-09   21.2246037    
   152.00000000000000        153.00000000000000        1.28341453E-08   21.5503616    
   153.00000000000000        154.00000000000000        8.58003002E-09   10.1364527    
   154.00000000000000        155.00000000000000        9.50509182E-09   26.2348652    
   155.00000000000000        156.00000000000000        1.24700827E-08   20.0391121    
   156.00000000000000        157.00000000000000        9.09215192E-09   32.9843864    
   157.00000000000000        158.00000000000000        9.87854953E-09   12.5828028    
   158.00000000000000        159.00000000000000        6.96247549E-09   14.8403807    
   159.00000000000000        160.00000000000000        7.81421505E-09   12.1326809    
   160.00000000000000        161.00000000000000        6.57758203E-09   19.4143257    
   161.00000000000000        162.00000000000000        7.94848631E-09   15.7226381    
   162.00000000000000        163.00000000000000        6.60787602E-09   12.8872337    
   163.00000000000000        164.00000000000000        5.42686340E-09   13.8841038    
   164.00000000000000        165.00000000000000        5.67631320E-09   12.1219625    
   165.00000000000000        166.00000000000000        6.78707268E-09   15.0536995    
   166.00000000000000        167.00000000000000        6.03253980E-09   17.4002151    
   167.00000000000000        168.00000000000000        8.15144752E-09   20.9598503    
   168.00000000000000        169.00000000000000        4.85108842E-09   10.4004030    
   169.00000000000000        170.00000000000000        4.12263468E-09   8.83256817    
   170.00000000000000        171.00000000000000        5.91231020E-09   34.4887390    
   171.00000000000000        172.00000000000000        5.26396304E-09   12.3106956    
   172.00000000000000        173.00000000000000        6.56249810E-09   29.6667519    
   173.00000000000000        174.00000000000000        5.23767829E-09   19.9175816    
   174.00000000000000        175.00000000000000        4.49968107E-09   15.0778904    
   175.00000000000000        176.00000000000000        4.40286207E-09   11.3658190    
   176.00000000000000        177.00000000000000        3.85107368E-09   13.9450150    
   177.00000000000000        178.00000000000000        4.57551064E-09   36.2648430    
   178.00000000000000        179.00000000000000        4.23258406E-09   23.2672653    
   179.00000000000000        180.00000000000000        3.48463147E-09   10.0812416    
   180.00000000000000        181.00000000000000        3.16209658E-09   12.6837072    
   181.00000000000000        182.00000000000000        4.28313962E-09   18.3649845    
   182.00000000000000        183.00000000000000        2.88507929E-09   13.6207800    
   183.00000000000000        184.00000000000000        4.54137616E-09   45.6245193    
   184.00000000000000        185.00000000000000        4.09923429E-09   11.6057930    
   185.00000000000000        186.00000000000000        3.19336690E-09   11.4555473    
   186.00000000000000        187.00000000000000        4.31864633E-09   37.6920929    
   187.00000000000000        188.00000000000000        2.79856915E-09   11.1154633    
   188.00000000000000        189.00000000000000        4.23330526E-09   27.9613342    
   189.00000000000000        190.00000000000000        3.78642095E-09   15.9004288    
   190.00000000000000        191.00000000000000        3.53528806E-09   13.9016066    
   191.00000000000000        192.00000000000000        3.16473914E-09   14.6862793    
   192.00000000000000        193.00000000000000        3.32268302E-09   42.8923607    
   193.00000000000000        194.00000000000000        2.72070655E-09   16.6599579    
   194.00000000000000        195.00000000000000        4.75414685E-09   59.2160721    
   195.00000000000000        196.00000000000000        2.75703527E-09   15.6647253    
   196.00000000000000        197.00000000000000        3.27853433E-09   18.1897697    
   197.00000000000000        198.00000000000000        1.97029260E-09   11.2090120    
   198.00000000000000        199.00000000000000        1.79061266E-09   18.3500862    
   199.00000000000000        200.00000000000000        1.67098602E-09   18.5447636    
   200.00000000000000        201.00000000000000        2.30384267E-09   14.3475666    
   201.00000000000000        202.00000000000000        1.55872948E-09   15.7138662    
   202.00000000000000        203.00000000000000        1.96500638E-09   17.4491997    
   203.00000000000000        204.00000000000000        2.71005396E-09   20.5236969    
   204.00000000000000        205.00000000000000        1.80361781E-09   12.9508572    
   205.00000000000000        206.00000000000000        1.75981230E-09   17.2956905    
   206.00000000000000        207.00000000000000        2.89298074E-09   32.1556435    
   207.00000000000000        208.00000000000000        2.12877382E-09   19.8237362    
   208.00000000000000        209.00000000000000        1.70576975E-09   15.4134054    
   209.00000000000000        210.00000000000000        3.11223225E-09   40.8846130    
   210.00000000000000        211.00000000000000        1.21515586E-09   29.1052456    
   211.00000000000000        212.00000000000000        2.44475196E-09   23.1210938    
   212.00000000000000        213.00000000000000        1.44712675E-09   14.2802658    
   213.00000000000000        214.00000000000000        1.77561355E-09   17.5412140    
   214.00000000000000        215.00000000000000        1.18348520E-09   19.1265869    
   215.00000000000000        216.00000000000000        1.08153786E-09   16.5628071    
   216.00000000000000        217.00000000000000        1.48744228E-09   14.4198837    
   217.00000000000000        218.00000000000000        1.07065068E-09   16.3677654    
   218.00000000000000        219.00000000000000        7.07882808E-10   15.0428009    
   219.00000000000000        220.00000000000000        7.75845721E-10   14.8370247    
   220.00000000000000        221.00000000000000        8.90965746E-10   15.1680212    
   221.00000000000000        222.00000000000000        1.49234614E-09   23.4358692    
   222.00000000000000        223.00000000000000        1.15919097E-09   22.3013954    
   223.00000000000000        224.00000000000000        2.04803863E-09   32.4399261    
   224.00000000000000        225.00000000000000        7.44033501E-10   19.7509747    
   225.00000000000000        226.00000000000000        1.42136969E-09   30.5646477    
   226.00000000000000        227.00000000000000        1.42602186E-09   22.3823318    
   227.00000000000000        228.00000000000000        1.82660320E-09   29.4746819    
   228.00000000000000        229.00000000000000        1.07709786E-09   14.7382002    
   229.00000000000000        230.00000000000000        6.33604447E-10   19.4966431    
   230.00000000000000        231.00000000000000        9.83070403E-10   25.0951443    
   231.00000000000000        232.00000000000000        1.15113929E-09   69.5665131    
   232.00000000000000        233.00000000000000        6.64840460E-10   23.4262695    
   233.00000000000000        234.00000000000000        7.66046615E-10   17.2542267    
   234.00000000000000        235.00000000000000        8.10685408E-10   15.0814133    
   235.00000000000000        236.00000000000000        5.57330571E-10   15.3733759    
   236.00000000000000        237.00000000000000        4.67118844E-10   18.9794445    
   237.00000000000000        238.00000000000000        5.87647098E-10   20.9462795    
   238.00000000000000        239.00000000000000        1.24919097E-09   34.6731987    
   239.00000000000000        240.00000000000000        5.36502232E-10   25.0391273    
   240.00000000000000        241.00000000000000        5.89053140E-10   19.1192055    
   241.00000000000000        242.00000000000000        9.23478904E-10   41.6685638    
   242.00000000000000        243.00000000000000        3.38984230E-10   19.7713947    
   243.00000000000000        244.00000000000000        1.29209177E-09   44.0784645    
   244.00000000000000        245.00000000000000        4.38064585E-10   36.7569313    
   245.00000000000000        246.00000000000000        5.66568126E-10   22.6787777    
   246.00000000000000        247.00000000000000        3.39219569E-10   21.2189579    
   247.00000000000000        248.00000000000000        5.49612245E-10   27.3026104    
   248.00000000000000        249.00000000000000        4.16242929E-10   17.1833611    
   249.00000000000000        250.00000000000000        7.28142935E-10   47.5428085    
   250.00000000000000        251.00000000000000        4.21319091E-10   20.3669167    
   251.00000000000000        252.00000000000000        1.14864551E-09   34.6866646    
   252.00000000000000        253.00000000000000        9.16090814E-10   37.0202293    
   253.00000000000000        254.00000000000000        6.56201704E-10   26.7490902    
   254.00000000000000        255.00000000000000        5.55139323E-10   50.9339943    
   255.00000000000000        256.00000000000000        1.85662111E-10   26.1530018    
   256.00000000000000        257.00000000000000        1.80556931E-10   34.8158340    
   257.00000000000000        258.00000000000000        3.14070936E-10   24.5678692    
   258.00000000000000        259.00000000000000        3.21049992E-10   22.4990997    
   259.00000000000000        260.00000000000000        2.51062005E-10   29.8132305    
   260.00000000000000        261.00000000000000        4.53224958E-10   26.2493076    
   261.00000000000000        262.00000000000000        3.36865674E-10   33.7252464    
   262.00000000000000        263.00000000000000        2.93727515E-10   14.9042606    
   263.00000000000000        263.00000000000000        2.93727515E-10   14.9042606    
