 # Detector n: 1D Projection
   53.000000000000000        54.000000000000000        1.90009632E-06   3.90540838    
   54.000000000000000        55.000000000000000        1.73990964E-06   2.02489734    
   55.000000000000000        56.000000000000000        1.12149451E-06   2.87095928    
   56.000000000000000        57.000000000000000        7.27681197E-07   2.56235743    
   57.000000000000000        58.000000000000000        5.37783194E-07   3.23865128    
   58.000000000000000        59.000000000000000        4.19050394E-07   3.73857760    
   59.000000000000000        60.000000000000000        3.79058719E-07   4.43457365    
   60.000000000000000        61.000000000000000        2.91456416E-07   5.81048298    
   61.000000000000000        62.000000000000000        2.52518959E-07   4.19720888    
   62.000000000000000        63.000000000000000        2.45463553E-07   7.00333405    
   63.000000000000000        64.000000000000000        2.25545136E-07   7.79486513    
   64.000000000000000        65.000000000000000        1.92642560E-07   4.64098597    
   65.000000000000000        66.000000000000000        1.60898665E-07   4.81143427    
   66.000000000000000        67.000000000000000        1.64724895E-07   7.84911013    
   67.000000000000000        68.000000000000000        1.37793720E-07   5.85907984    
   68.000000000000000        69.000000000000000        1.22864492E-07   4.88626575    
   69.000000000000000        70.000000000000000        1.05028185E-07   4.63957405    
   70.000000000000000        71.000000000000000        1.05477490E-07   5.54264498    
   71.000000000000000        72.000000000000000        1.03851399E-07   8.24981213    
   72.000000000000000        73.000000000000000        9.00888679E-08   6.62857056    
   73.000000000000000        74.000000000000000        9.16106941E-08   7.46342039    
   74.000000000000000        75.000000000000000        6.92395048E-08   5.73917532    
   75.000000000000000        76.000000000000000        7.99431561E-08   14.8948584    
   76.000000000000000        77.000000000000000        6.32857322E-08   6.44745684    
   77.000000000000000        78.000000000000000        6.21613268E-08   9.62689400    
   78.000000000000000        79.000000000000000        6.03271388E-08   12.9022360    
   79.000000000000000        80.000000000000000        5.59968463E-08   7.50680065    
   80.000000000000000        81.000000000000000        5.96237868E-08   8.69116402    
   81.000000000000000        82.000000000000000        4.07472776E-08   5.59214592    
   82.000000000000000        83.000000000000000        4.41658514E-08   10.9638023    
   83.000000000000000        84.000000000000000        3.69360080E-08   10.2615137    
   84.000000000000000        85.000000000000000        4.06224316E-08   12.1193428    
   85.000000000000000        86.000000000000000        4.65075267E-08   13.6294127    
   86.000000000000000        87.000000000000000        4.85681078E-08   14.8198147    
   87.000000000000000        88.000000000000000        3.00285805E-08   7.00235462    
   88.000000000000000        89.000000000000000        3.00086569E-08   8.17735386    
   89.000000000000000        90.000000000000000        2.87392403E-08   8.40808105    
   90.000000000000000        91.000000000000000        2.81875803E-08   8.46774483    
   91.000000000000000        92.000000000000000        3.03600594E-08   9.52030754    
   92.000000000000000        93.000000000000000        2.45415848E-08   31.3612080    
   93.000000000000000        94.000000000000000        2.35787603E-08   18.2752609    
   94.000000000000000        95.000000000000000        2.47031817E-08   14.1676397    
   95.000000000000000        96.000000000000000        2.00687555E-08   10.1070290    
   96.000000000000000        97.000000000000000        1.85247604E-08   9.36972713    
   97.000000000000000        98.000000000000000        1.52921480E-08   10.7200594    
   98.000000000000000        99.000000000000000        1.32867468E-08   10.1102018    
   99.000000000000000        100.00000000000000        1.63884533E-08   12.9088240    
   100.00000000000000        101.00000000000000        1.62843694E-08   9.96217632    
   101.00000000000000        102.00000000000000        1.79574027E-08   14.6115227    
   102.00000000000000        103.00000000000000        1.07041780E-08   9.23503971    
   103.00000000000000        104.00000000000000        1.06392299E-08   11.5576324    
   104.00000000000000        105.00000000000000        1.64320682E-08   11.5393820    
   105.00000000000000        106.00000000000000        1.09802549E-08   9.20316696    
   106.00000000000000        107.00000000000000        1.16306245E-08   12.4549780    
   107.00000000000000        108.00000000000000        8.83284912E-09   9.10230160    
   108.00000000000000        109.00000000000000        1.20313333E-08   19.4198513    
   109.00000000000000        110.00000000000000        7.89805643E-09   9.35887718    
   110.00000000000000        111.00000000000000        8.93206042E-09   12.4537172    
   111.00000000000000        112.00000000000000        7.74464759E-09   17.8798351    
   112.00000000000000        113.00000000000000        8.84711415E-09   11.8917255    
   113.00000000000000        114.00000000000000        8.07300804E-09   13.7280064    
   114.00000000000000        115.00000000000000        8.73744987E-09   45.9793243    
   115.00000000000000        116.00000000000000        6.87972701E-09   12.8682632    
   116.00000000000000        117.00000000000000        8.94067931E-09   40.9102516    
   117.00000000000000        118.00000000000000        7.70685382E-09   41.1202087    
   118.00000000000000        119.00000000000000        6.45280185E-09   24.5943642    
   119.00000000000000        120.00000000000000        6.09844486E-09   14.6130953    
   120.00000000000000        121.00000000000000        4.42466863E-09   10.4632006    
   121.00000000000000        122.00000000000000        5.79019410E-09   17.9230728    
   122.00000000000000        123.00000000000000        4.23880531E-09   11.4359293    
   123.00000000000000        124.00000000000000        5.81546455E-09   15.3992634    
   124.00000000000000        125.00000000000000        5.22718402E-09   26.4841614    
   125.00000000000000        126.00000000000000        5.60867619E-09   34.1041946    
   126.00000000000000        127.00000000000000        4.07370226E-09   14.4536610    
   127.00000000000000        128.00000000000000        4.64952654E-09   14.9887829    
   128.00000000000000        129.00000000000000        4.20545954E-09   31.5528393    
   129.00000000000000        130.00000000000000        9.02146091E-09   33.1924896    
   130.00000000000000        131.00000000000000        3.99403266E-09   13.8215094    
   131.00000000000000        132.00000000000000        3.16617110E-09   12.3951206    
   132.00000000000000        133.00000000000000        3.78777409E-09   14.9019976    
   133.00000000000000        134.00000000000000        2.59069965E-09   13.6343184    
   134.00000000000000        135.00000000000000        2.79085532E-09   19.8439503    
   135.00000000000000        136.00000000000000        2.54671795E-09   12.5316458    
   136.00000000000000        137.00000000000000        3.30883987E-09   24.5976391    
   137.00000000000000        138.00000000000000        2.39965314E-09   15.6685505    
   138.00000000000000        139.00000000000000        2.74561884E-09   14.1548929    
   139.00000000000000        140.00000000000000        2.67205214E-09   14.6608191    
   140.00000000000000        141.00000000000000        2.35534303E-09   20.2690659    
   141.00000000000000        142.00000000000000        5.88099081E-09   23.2984524    
   142.00000000000000        143.00000000000000        2.98509195E-09   17.7236328    
   143.00000000000000        144.00000000000000        2.82389534E-09   22.8048630    
   144.00000000000000        145.00000000000000        2.58023314E-09   27.2337112    
   145.00000000000000        146.00000000000000        3.12482018E-09   29.3139687    
   146.00000000000000        147.00000000000000        3.68743791E-09   23.3981228    
   147.00000000000000        148.00000000000000        2.36149411E-09   20.7454586    
   148.00000000000000        149.00000000000000        2.52452570E-09   20.7472763    
   149.00000000000000        150.00000000000000        1.67994774E-09   24.0199089    
   150.00000000000000        151.00000000000000        1.31189770E-09   17.8512287    
   151.00000000000000        152.00000000000000        1.67721659E-09   17.7276554    
   152.00000000000000        153.00000000000000        1.67245229E-09   14.9557610    
   153.00000000000000        154.00000000000000        3.13968629E-09   22.6294556    
   154.00000000000000        155.00000000000000        2.00706030E-09   15.0641289    
   155.00000000000000        156.00000000000000        1.79229753E-09   43.0444908    
   156.00000000000000        157.00000000000000        2.34617881E-09   20.7307339    
   157.00000000000000        158.00000000000000        1.29850042E-09   15.7143507    
   158.00000000000000        159.00000000000000        1.08357456E-09   20.7237072    
   159.00000000000000        160.00000000000000        2.09083106E-09   57.0503426    
   160.00000000000000        161.00000000000000        2.32782948E-09   18.0956535    
   161.00000000000000        162.00000000000000        1.89773286E-09   23.8672791    
   162.00000000000000        163.00000000000000        1.12398468E-09   17.7828960    
   163.00000000000000        164.00000000000000        1.65957181E-09   17.5308533    
   164.00000000000000        165.00000000000000        8.91383745E-10   24.3108788    
   165.00000000000000        166.00000000000000        7.20847382E-10   18.3633499    
   166.00000000000000        167.00000000000000        9.56946855E-10   21.2286720    
   167.00000000000000        168.00000000000000        9.98216954E-10   25.7879829    
   168.00000000000000        169.00000000000000        1.72721693E-09   24.6381130    
   169.00000000000000        170.00000000000000        1.59936908E-09   27.6504135    
   170.00000000000000        171.00000000000000        9.59828106E-10   22.5497971    
   171.00000000000000        172.00000000000000        1.15061682E-09   24.8316097    
   172.00000000000000        173.00000000000000        1.17334042E-09   18.2349739    
   173.00000000000000        174.00000000000000        1.05061659E-09   16.4893818    
   174.00000000000000        175.00000000000000        8.66215377E-10   22.8948841    
   175.00000000000000        176.00000000000000        8.66681671E-10   23.4090996    
   176.00000000000000        177.00000000000000        7.50276063E-10   22.6083145    
   177.00000000000000        178.00000000000000        9.58356838E-10   51.5740700    
   178.00000000000000        179.00000000000000        4.86572727E-10   22.5297489    
   179.00000000000000        180.00000000000000        1.44068413E-09   62.2734909    
   180.00000000000000        181.00000000000000        7.51520624E-10   19.5389538    
   181.00000000000000        182.00000000000000        7.86893217E-10   27.8542423    
   182.00000000000000        183.00000000000000        8.19589785E-10   44.5970917    
   183.00000000000000        184.00000000000000        4.37169856E-10   21.6781311    
   184.00000000000000        185.00000000000000        4.47979959E-10   18.9564133    
   185.00000000000000        186.00000000000000        5.49912282E-10   29.9068661    
   186.00000000000000        187.00000000000000        4.17463342E-10   29.3154125    
   187.00000000000000        188.00000000000000        4.99914832E-10   26.3259468    
   188.00000000000000        189.00000000000000        6.82245371E-10   22.6700382    
   189.00000000000000        190.00000000000000        4.61455318E-10   25.6984921    
   190.00000000000000        191.00000000000000        5.81687754E-10   19.5213661    
   191.00000000000000        192.00000000000000        6.83755330E-10   20.6548958    
   192.00000000000000        193.00000000000000        4.38710845E-10   25.5155792    
   193.00000000000000        194.00000000000000        3.75964399E-10   29.2404175    
   194.00000000000000        195.00000000000000        3.75653925E-10   32.0489693    
   195.00000000000000        196.00000000000000        4.30366798E-10   25.6678944    
   196.00000000000000        197.00000000000000        5.34436106E-10   26.4005928    
   197.00000000000000        198.00000000000000        4.45487980E-10   23.1688499    
   198.00000000000000        199.00000000000000        3.72653020E-10   22.6879158    
   199.00000000000000        200.00000000000000        5.55572810E-10   32.9411316    
   200.00000000000000        201.00000000000000        3.31071781E-10   18.4180374    
   201.00000000000000        202.00000000000000        6.97149616E-10   42.0451927    
   202.00000000000000        203.00000000000000        4.44799753E-10   25.9042797    
   203.00000000000000        204.00000000000000        4.46902793E-10   57.3456841    
   204.00000000000000        205.00000000000000        4.89434326E-10   47.6331635    
   205.00000000000000        206.00000000000000        5.57137836E-10   22.8483696    
   206.00000000000000        207.00000000000000        6.11490192E-10   30.5789089    
   207.00000000000000        208.00000000000000        1.97038191E-10   21.7638741    
   208.00000000000000        209.00000000000000        2.77071838E-10   32.6907692    
   209.00000000000000        210.00000000000000        1.90903765E-10   24.2660122    
   210.00000000000000        211.00000000000000        3.20047988E-10   47.1890526    
   211.00000000000000        212.00000000000000        4.62637539E-10   25.1572094    
   212.00000000000000        213.00000000000000        3.13939374E-10   34.6767616    
   213.00000000000000        214.00000000000000        6.05962891E-10   60.9136810    
   214.00000000000000        215.00000000000000        2.37746933E-10   21.3576050    
   215.00000000000000        216.00000000000000        1.34622979E-10   35.9627838    
   216.00000000000000        217.00000000000000        1.93951744E-10   33.0975838    
   217.00000000000000        218.00000000000000        1.61122116E-10   29.9975834    
   218.00000000000000        219.00000000000000        2.35154479E-10   51.5215340    
   219.00000000000000        220.00000000000000        2.21484581E-10   20.6497917    
   220.00000000000000        221.00000000000000        1.77552792E-10   35.7356682    
   221.00000000000000        222.00000000000000        2.64666955E-10   38.6005898    
   222.00000000000000        223.00000000000000        1.62719935E-10   32.4139366    
   223.00000000000000        224.00000000000000        1.63480909E-10   27.2708511    
   224.00000000000000        225.00000000000000        6.84155232E-11   36.4364281    
   225.00000000000000        226.00000000000000        3.57524704E-10   35.4054260    
   226.00000000000000        227.00000000000000        1.52383328E-10   68.9782486    
   227.00000000000000        228.00000000000000        2.51103804E-10   27.9948006    
   228.00000000000000        229.00000000000000        1.33031516E-10   26.6100883    
   229.00000000000000        230.00000000000000        2.61128230E-10   31.5367908    
   230.00000000000000        231.00000000000000        2.07825077E-10   28.8422737    
   231.00000000000000        232.00000000000000        1.12874390E-10   38.6977272    
   232.00000000000000        233.00000000000000        2.24892910E-10   43.6448441    
   233.00000000000000        234.00000000000000        3.28344352E-10   41.7478294    
   234.00000000000000        235.00000000000000        5.90521590E-11   42.1010742    
   235.00000000000000        236.00000000000000        1.76349019E-10   54.9871979    
   236.00000000000000        237.00000000000000        6.42002701E-11   44.5620766    
   237.00000000000000        238.00000000000000        1.02801212E-10   46.8744774    
   238.00000000000000        239.00000000000000        4.68536487E-10   28.3182926    
   239.00000000000000        240.00000000000000        2.80824447E-10   89.2943954    
   240.00000000000000        241.00000000000000        8.97000391E-11   26.6150799    
   241.00000000000000        242.00000000000000        1.12614230E-10   30.0234413    
   242.00000000000000        243.00000000000000        7.85569873E-11   34.4002380    
   243.00000000000000        244.00000000000000        6.97290142E-11   49.8481560    
   244.00000000000000        245.00000000000000        7.15022486E-11   46.5556488    
   245.00000000000000        246.00000000000000        1.81801990E-10   36.4138374    
   246.00000000000000        247.00000000000000        2.03959696E-11   57.8475761    
   247.00000000000000        248.00000000000000        1.00929973E-10   82.4746704    
   248.00000000000000        249.00000000000000        5.11843588E-11   44.5949211    
   249.00000000000000        250.00000000000000        1.19562152E-10   38.8601036    
   250.00000000000000        251.00000000000000        6.72014527E-11   35.1219673    
   251.00000000000000        252.00000000000000        6.60269547E-11   46.3440704    
   252.00000000000000        253.00000000000000        2.73585772E-11   69.9657822    
   253.00000000000000        254.00000000000000        5.33607214E-10   43.2761383    
   254.00000000000000        255.00000000000000        5.78761136E-11   51.3683243    
   255.00000000000000        256.00000000000000        2.19326349E-10   39.9017830    
   256.00000000000000        257.00000000000000        5.16064066E-11   46.1137123    
   257.00000000000000        258.00000000000000        4.87599849E-10   35.8492355    
   258.00000000000000        259.00000000000000        1.00485960E-10   33.6471481    
   259.00000000000000        260.00000000000000        6.24121449E-11   53.6208992    
   260.00000000000000        261.00000000000000        4.46890649E-11   22.4831696    
   261.00000000000000        262.00000000000000        1.75602824E-10   26.6847076    
   262.00000000000000        263.00000000000000        1.16664137E-10   55.6058006    
   263.00000000000000        263.00000000000000        1.16664137E-10   55.6058006    
