 # Detector n: 1D Projection
   45.000000000000000        46.000000000000000        3.60912736E-06   4.99792814    
   46.000000000000000        47.000000000000000        2.81652592E-06   1.77041090    
   47.000000000000000        48.000000000000000        2.24449718E-06   2.20931172    
   48.000000000000000        49.000000000000000        1.85510987E-06   2.16154051    
   49.000000000000000        50.000000000000000        1.54321515E-06   2.20440745    
   50.000000000000000        51.000000000000000        1.36225708E-06   2.89930058    
   51.000000000000000        52.000000000000000        1.22140830E-06   2.11145449    
   52.000000000000000        53.000000000000000        1.13072758E-06   2.96892977    
   53.000000000000000        54.000000000000000        1.05196875E-06   3.23610973    
   54.000000000000000        55.000000000000000        9.86645205E-07   2.41272926    
   55.000000000000000        56.000000000000000        9.90092303E-07   3.19209623    
   56.000000000000000        57.000000000000000        9.67487381E-07   2.71833801    
   57.000000000000000        58.000000000000000        8.48258139E-07   3.27409315    
   58.000000000000000        59.000000000000000        8.66566324E-07   3.16632795    
   59.000000000000000        60.000000000000000        8.06913647E-07   3.30129218    
   60.000000000000000        61.000000000000000        7.65906918E-07   2.90415049    
   61.000000000000000        62.000000000000000        7.09700259E-07   3.14422250    
   62.000000000000000        63.000000000000000        7.06854735E-07   3.44619894    
   63.000000000000000        64.000000000000000        6.44700549E-07   2.86280394    
   64.000000000000000        65.000000000000000        6.81176061E-07   3.35003471    
   65.000000000000000        66.000000000000000        5.91916603E-07   3.41708207    
   66.000000000000000        67.000000000000000        6.29549163E-07   3.24976563    
   67.000000000000000        68.000000000000000        5.60262549E-07   3.30576372    
   68.000000000000000        69.000000000000000        5.41572547E-07   3.06026030    
   69.000000000000000        70.000000000000000        5.01443083E-07   3.50485969    
   70.000000000000000        71.000000000000000        4.78156608E-07   3.31904435    
   71.000000000000000        72.000000000000000        4.77114156E-07   3.04505539    
   72.000000000000000        73.000000000000000        4.45820177E-07   3.40149522    
   73.000000000000000        74.000000000000000        4.52151596E-07   4.68566227    
   74.000000000000000        75.000000000000000        4.49788160E-07   4.68957233    
   75.000000000000000        76.000000000000000        3.80556997E-07   3.60731006    
   76.000000000000000        77.000000000000000        3.90488310E-07   4.32109070    
   77.000000000000000        78.000000000000000        3.52898155E-07   3.67585754    
   78.000000000000000        79.000000000000000        3.58865151E-07   4.31529188    
   79.000000000000000        80.000000000000000        3.45138034E-07   4.58014107    
   80.000000000000000        81.000000000000000        3.27767737E-07   3.56627822    
   81.000000000000000        82.000000000000000        3.04731742E-07   3.51255918    
   82.000000000000000        83.000000000000000        3.04404210E-07   3.68408489    
   83.000000000000000        84.000000000000000        2.90822697E-07   5.10201025    
   84.000000000000000        85.000000000000000        2.81346985E-07   4.50214243    
   85.000000000000000        86.000000000000000        2.63374432E-07   3.91616869    
   86.000000000000000        87.000000000000000        2.59784173E-07   4.37698364    
   87.000000000000000        88.000000000000000        2.46034205E-07   3.69787741    
   88.000000000000000        89.000000000000000        2.55417774E-07   3.81489444    
   89.000000000000000        90.000000000000000        2.29571839E-07   4.39809942    
   90.000000000000000        91.000000000000000        2.05618647E-07   4.38863420    
   91.000000000000000        92.000000000000000        2.06344438E-07   4.19702148    
   92.000000000000000        93.000000000000000        2.23027783E-07   6.18975115    
   93.000000000000000        94.000000000000000        2.36463990E-07   5.58014297    
   94.000000000000000        95.000000000000000        1.82361205E-07   4.50648594    
   95.000000000000000        96.000000000000000        1.83696471E-07   3.88628888    
   96.000000000000000        97.000000000000000        2.00122017E-07   5.47962618    
   97.000000000000000        98.000000000000000        1.65893965E-07   5.11509800    
   98.000000000000000        99.000000000000000        1.59437377E-07   3.55405664    
   99.000000000000000        100.00000000000000        1.66110254E-07   5.10722876    
   100.00000000000000        101.00000000000000        1.55228818E-07   4.01239157    
   101.00000000000000        102.00000000000000        1.41785364E-07   4.59547234    
   102.00000000000000        103.00000000000000        1.44087338E-07   4.23001623    
   103.00000000000000        104.00000000000000        1.42724005E-07   5.69463205    
   104.00000000000000        105.00000000000000        1.55644216E-07   11.1536999    
   105.00000000000000        106.00000000000000        1.32378915E-07   6.96411419    
   106.00000000000000        107.00000000000000        1.20322952E-07   4.65945292    
   107.00000000000000        108.00000000000000        1.10089715E-07   3.87492990    
   108.00000000000000        109.00000000000000        1.13159764E-07   8.42863655    
   109.00000000000000        110.00000000000000        1.20778751E-07   7.07463026    
   110.00000000000000        111.00000000000000        1.07418948E-07   8.73816395    
   111.00000000000000        112.00000000000000        1.11939237E-07   5.96476555    
   112.00000000000000        113.00000000000000        1.16961225E-07   13.0635977    
   113.00000000000000        114.00000000000000        1.05400709E-07   6.19912958    
   114.00000000000000        115.00000000000000        9.14572311E-08   6.88225031    
   115.00000000000000        116.00000000000000        9.69438076E-08   8.97596836    
   116.00000000000000        117.00000000000000        9.37759310E-08   5.54129839    
   117.00000000000000        118.00000000000000        9.02832298E-08   5.91614819    
   118.00000000000000        119.00000000000000        9.07274327E-08   6.64290285    
   119.00000000000000        120.00000000000000        8.37043004E-08   8.51973248    
   120.00000000000000        121.00000000000000        7.72011290E-08   5.58971548    
   121.00000000000000        122.00000000000000        8.60262759E-08   6.96472836    
   122.00000000000000        123.00000000000000        6.97522751E-08   6.16640043    
   123.00000000000000        124.00000000000000        7.38741122E-08   8.84520245    
   124.00000000000000        125.00000000000000        6.94519429E-08   5.00267458    
   125.00000000000000        126.00000000000000        6.41837659E-08   5.74681139    
   126.00000000000000        127.00000000000000        6.95978812E-08   12.6024036    
   127.00000000000000        128.00000000000000        6.52038850E-08   8.06385899    
   128.00000000000000        129.00000000000000        6.50067378E-08   7.16260910    
   129.00000000000000        130.00000000000000        6.06375892E-08   6.49137259    
   130.00000000000000        131.00000000000000        6.03617352E-08   8.23890781    
   131.00000000000000        132.00000000000000        6.73180409E-08   11.8985558    
   132.00000000000000        133.00000000000000        6.19971985E-08   7.57073975    
   133.00000000000000        134.00000000000000        5.42077103E-08   6.97955132    
   134.00000000000000        135.00000000000000        5.16329308E-08   6.51119184    
   135.00000000000000        136.00000000000000        5.81544910E-08   8.36665821    
   136.00000000000000        137.00000000000000        5.46101688E-08   8.64583588    
   137.00000000000000        138.00000000000000        5.37887104E-08   6.39264584    
   138.00000000000000        139.00000000000000        4.98028143E-08   8.08039951    
   139.00000000000000        140.00000000000000        4.00421563E-08   4.87450027    
   140.00000000000000        141.00000000000000        4.78379540E-08   6.73135614    
   141.00000000000000        142.00000000000000        4.70921613E-08   14.6964417    
   142.00000000000000        143.00000000000000        4.10042489E-08   7.13923788    
   143.00000000000000        144.00000000000000        3.83865206E-08   11.3397236    
   144.00000000000000        145.00000000000000        3.39801396E-08   6.95538664    
   145.00000000000000        146.00000000000000        3.29729843E-08   5.05024290    
   146.00000000000000        147.00000000000000        3.74403122E-08   7.23683977    
   147.00000000000000        148.00000000000000        3.26473284E-08   7.35906267    
   148.00000000000000        149.00000000000000        3.32441950E-08   5.88588619    
   149.00000000000000        150.00000000000000        3.59585179E-08   13.6241465    
   150.00000000000000        151.00000000000000        3.03130996E-08   9.29596138    
   151.00000000000000        152.00000000000000        3.20422480E-08   7.51514339    
   152.00000000000000        153.00000000000000        3.16025570E-08   9.97272682    
   153.00000000000000        154.00000000000000        3.93676629E-08   14.6159019    
   154.00000000000000        155.00000000000000        2.96168956E-08   7.78960800    
   155.00000000000000        156.00000000000000        2.57085304E-08   6.50514078    
   156.00000000000000        157.00000000000000        3.20321760E-08   8.20079899    
   157.00000000000000        158.00000000000000        2.79662000E-08   8.72248173    
   158.00000000000000        159.00000000000000        2.68007323E-08   7.17168522    
   159.00000000000000        160.00000000000000        3.06750678E-08   11.7733507    
   160.00000000000000        161.00000000000000        2.44929499E-08   8.91249275    
   161.00000000000000        162.00000000000000        2.58194195E-08   6.64168835    
   162.00000000000000        163.00000000000000        2.38097400E-08   12.3305473    
   163.00000000000000        164.00000000000000        2.21278160E-08   9.21862030    
   164.00000000000000        165.00000000000000        2.49748826E-08   9.44025040    
   165.00000000000000        166.00000000000000        2.26370567E-08   7.81338072    
   166.00000000000000        167.00000000000000        2.18614709E-08   7.10389328    
   167.00000000000000        168.00000000000000        2.34623538E-08   7.01766443    
   168.00000000000000        169.00000000000000        2.27699992E-08   10.1285782    
   169.00000000000000        170.00000000000000        1.70171397E-08   6.53232098    
   170.00000000000000        171.00000000000000        2.03123669E-08   13.6466351    
   171.00000000000000        172.00000000000000        1.72942674E-08   9.52699566    
   172.00000000000000        173.00000000000000        1.82273538E-08   8.96109200    
   173.00000000000000        174.00000000000000        1.53626072E-08   9.06888008    
   174.00000000000000        175.00000000000000        2.00126884E-08   12.9005489    
   175.00000000000000        176.00000000000000        1.45671626E-08   7.22835064    
   176.00000000000000        177.00000000000000        1.97125551E-08   13.1349087    
   177.00000000000000        178.00000000000000        1.71894463E-08   8.44639301    
   178.00000000000000        179.00000000000000        1.57284088E-08   11.3612700    
   179.00000000000000        180.00000000000000        1.57180757E-08   10.1961937    
   180.00000000000000        181.00000000000000        1.80506863E-08   19.8991356    
   181.00000000000000        182.00000000000000        2.01837747E-08   20.2290325    
   182.00000000000000        183.00000000000000        1.53479931E-08   10.7665558    
   183.00000000000000        184.00000000000000        1.31726496E-08   12.8654432    
   184.00000000000000        185.00000000000000        1.12350831E-08   8.89766312    
   185.00000000000000        186.00000000000000        1.20042971E-08   7.47220373    
   186.00000000000000        187.00000000000000        1.50948534E-08   12.2130060    
   187.00000000000000        188.00000000000000        1.85536635E-08   15.7324152    
   188.00000000000000        189.00000000000000        1.23572264E-08   7.71658802    
   189.00000000000000        190.00000000000000        1.26303554E-08   17.8085766    
   190.00000000000000        191.00000000000000        1.31151996E-08   11.9293385    
   191.00000000000000        192.00000000000000        1.57767541E-08   17.7497215    
   192.00000000000000        193.00000000000000        1.04364100E-08   13.3496046    
   193.00000000000000        194.00000000000000        1.04686375E-08   7.01026344    
   194.00000000000000        195.00000000000000        1.01240722E-08   14.3232794    
   195.00000000000000        196.00000000000000        1.16710375E-08   26.3393917    
   196.00000000000000        197.00000000000000        8.88224250E-09   9.83538914    
   197.00000000000000        198.00000000000000        8.63346372E-09   26.8186989    
   198.00000000000000        199.00000000000000        7.83135778E-09   8.21296310    
   199.00000000000000        200.00000000000000        8.76758399E-09   13.7961254    
   200.00000000000000        201.00000000000000        7.89909738E-09   13.8888922    
   201.00000000000000        202.00000000000000        7.29298977E-09   13.8221416    
   202.00000000000000        203.00000000000000        6.70660771E-09   9.11765480    
   203.00000000000000        204.00000000000000        8.18675527E-09   13.8539181    
   204.00000000000000        205.00000000000000        9.65679092E-09   13.2772121    
   205.00000000000000        206.00000000000000        6.21042462E-09   12.4819241    
   206.00000000000000        207.00000000000000        8.18220425E-09   13.8337088    
   207.00000000000000        208.00000000000000        5.40600054E-09   12.3546419    
   208.00000000000000        209.00000000000000        6.13697093E-09   16.0853157    
   209.00000000000000        210.00000000000000        5.97918914E-09   15.0589705    
   210.00000000000000        211.00000000000000        4.46590454E-09   10.1072159    
   211.00000000000000        212.00000000000000        4.29314495E-09   11.0689125    
   212.00000000000000        213.00000000000000        5.40991074E-09   14.6005316    
   213.00000000000000        214.00000000000000        4.46349713E-09   10.8485889    
   214.00000000000000        215.00000000000000        4.59768801E-09   11.7961798    
   215.00000000000000        216.00000000000000        7.79100517E-09   35.2216873    
   216.00000000000000        217.00000000000000        3.79488041E-09   11.4917774    
   217.00000000000000        218.00000000000000        5.04145214E-09   25.6591072    
   218.00000000000000        219.00000000000000        5.13748821E-09   12.1748734    
   219.00000000000000        220.00000000000000        3.73948561E-09   11.1262131    
   220.00000000000000        221.00000000000000        6.77779122E-09   18.4479008    
   221.00000000000000        222.00000000000000        3.13058801E-09   10.3706245    
   222.00000000000000        223.00000000000000        5.63078206E-09   26.4127560    
   223.00000000000000        224.00000000000000        4.10952961E-09   27.6181164    
   224.00000000000000        225.00000000000000        3.41165873E-09   12.6230297    
   225.00000000000000        226.00000000000000        4.47534987E-09   20.6004009    
   226.00000000000000        227.00000000000000        3.10662251E-09   8.71874142    
   227.00000000000000        228.00000000000000        2.57056199E-09   8.86427212    
   228.00000000000000        229.00000000000000        3.86856236E-09   14.2857580    
   229.00000000000000        230.00000000000000        2.38118214E-09   10.9515686    
   230.00000000000000        231.00000000000000        4.51918858E-09   20.6458607    
   231.00000000000000        232.00000000000000        2.95813263E-09   13.0268602    
   232.00000000000000        233.00000000000000        3.18621018E-09   21.2603188    
   233.00000000000000        234.00000000000000        3.18132365E-09   24.8422737    
   234.00000000000000        235.00000000000000        3.63687791E-09   22.2549782    
   235.00000000000000        236.00000000000000        2.19516227E-09   14.3714590    
   236.00000000000000        237.00000000000000        2.40668863E-09   17.1925812    
   237.00000000000000        238.00000000000000        2.08961670E-09   27.5746861    
   238.00000000000000        239.00000000000000        1.77594828E-09   13.4298401    
   239.00000000000000        240.00000000000000        2.87093593E-09   22.8957691    
   240.00000000000000        241.00000000000000        2.58564503E-09   20.3315830    
   241.00000000000000        242.00000000000000        2.39971487E-09   27.6149597    
   242.00000000000000        243.00000000000000        1.67437242E-09   13.4004831    
   243.00000000000000        244.00000000000000        1.95784700E-09   30.6319542    
   244.00000000000000        245.00000000000000        1.18441967E-09   21.1047878    
   245.00000000000000        246.00000000000000        1.62338221E-09   14.6609602    
   246.00000000000000        247.00000000000000        1.25976485E-09   19.6155128    
   247.00000000000000        248.00000000000000        1.63255076E-09   14.7842216    
   248.00000000000000        249.00000000000000        2.13502283E-09   22.5221424    
   249.00000000000000        250.00000000000000        1.71166825E-09   31.5616245    
   250.00000000000000        251.00000000000000        1.99311123E-09   20.6321049    
   251.00000000000000        252.00000000000000        9.22955989E-10   16.4258327    
   252.00000000000000        253.00000000000000        1.40026957E-09   10.4713736    
   253.00000000000000        254.00000000000000        1.33698197E-09   13.8720436    
   254.00000000000000        255.00000000000000        1.61579017E-09   18.2416496    
   255.00000000000000        256.00000000000000        2.05997219E-09   18.7551403    
   256.00000000000000        257.00000000000000        2.09695283E-09   21.9969807    
   257.00000000000000        258.00000000000000        1.16987253E-09   19.2094078    
   258.00000000000000        259.00000000000000        9.00291841E-10   23.0584297    
   259.00000000000000        260.00000000000000        1.16901777E-09   29.2038708    
   260.00000000000000        261.00000000000000        1.57985747E-09   17.2521420    
   261.00000000000000        262.00000000000000        8.71003880E-10   24.6349201    
   262.00000000000000        263.00000000000000        5.74762848E-10   14.7196321    
   263.00000000000000        263.00000000000000        5.74762848E-10   14.7196321    
