 # Detector n: 1D Projection
   54.000000000000000        55.000000000000000        1.68145198E-06   2.83695412    
   55.000000000000000        56.000000000000000        1.62061360E-06   1.27366650    
   56.000000000000000        57.000000000000000        9.59948125E-07   1.92963076    
   57.000000000000000        58.000000000000000        6.52447966E-07   2.60201740    
   58.000000000000000        59.000000000000000        4.75959041E-07   2.65974092    
   59.000000000000000        60.000000000000000        3.94450609E-07   3.04954219    
   60.000000000000000        61.000000000000000        3.37903259E-07   3.99237680    
   61.000000000000000        62.000000000000000        3.13489835E-07   5.03876257    
   62.000000000000000        63.000000000000000        2.45161175E-07   3.57134485    
   63.000000000000000        64.000000000000000        2.28788906E-07   4.40886736    
   64.000000000000000        65.000000000000000        1.94132085E-07   5.34781265    
   65.000000000000000        66.000000000000000        1.93664377E-07   5.18588066    
   66.000000000000000        67.000000000000000        1.71955477E-07   4.79176378    
   67.000000000000000        68.000000000000000        1.49525249E-07   3.50441265    
   68.000000000000000        69.000000000000000        1.42312842E-07   4.93912792    
   69.000000000000000        70.000000000000000        1.14936881E-07   4.17425537    
   70.000000000000000        71.000000000000000        1.02508672E-07   5.97110605    
   71.000000000000000        72.000000000000000        1.05387436E-07   4.12019300    
   72.000000000000000        73.000000000000000        9.33787163E-08   5.20608664    
   73.000000000000000        74.000000000000000        8.23186213E-08   9.17390442    
   74.000000000000000        75.000000000000000        8.47778594E-08   6.46739006    
   75.000000000000000        76.000000000000000        7.66541888E-08   7.51124620    
   76.000000000000000        77.000000000000000        7.45034043E-08   6.44994354    
   77.000000000000000        78.000000000000000        6.65546054E-08   6.68188429    
   78.000000000000000        79.000000000000000        6.24417922E-08   10.9562035    
   79.000000000000000        80.000000000000000        6.33070556E-08   11.2766314    
   80.000000000000000        81.000000000000000        4.53115625E-08   4.34912729    
   81.000000000000000        82.000000000000000        4.85910050E-08   7.63708878    
   82.000000000000000        83.000000000000000        4.64009098E-08   5.40736055    
   83.000000000000000        84.000000000000000        3.90351964E-08   10.7864771    
   84.000000000000000        85.000000000000000        3.31086021E-08   4.68045235    
   85.000000000000000        86.000000000000000        3.46145654E-08   6.33167648    
   86.000000000000000        87.000000000000000        2.99734175E-08   7.80991459    
   87.000000000000000        88.000000000000000        3.34108599E-08   9.24825191    
   88.000000000000000        89.000000000000000        2.59846988E-08   6.00491333    
   89.000000000000000        90.000000000000000        2.25675212E-08   8.74062824    
   90.000000000000000        91.000000000000000        2.52832884E-08   6.96735525    
   91.000000000000000        92.000000000000000        1.91452649E-08   5.58288527    
   92.000000000000000        93.000000000000000        1.98359160E-08   7.09851694    
   93.000000000000000        94.000000000000000        1.96466150E-08   8.65693760    
   94.000000000000000        95.000000000000000        2.46396041E-08   7.62366295    
   95.000000000000000        96.000000000000000        1.64565268E-08   8.23514938    
   96.000000000000000        97.000000000000000        1.66433622E-08   9.08766842    
   97.000000000000000        98.000000000000000        1.58403211E-08   9.52975273    
   98.000000000000000        99.000000000000000        1.59625895E-08   10.4992371    
   99.000000000000000        100.00000000000000        1.29912987E-08   9.21989346    
   100.00000000000000        101.00000000000000        1.43733958E-08   16.7006760    
   101.00000000000000        102.00000000000000        1.34173748E-08   7.96338463    
   102.00000000000000        103.00000000000000        1.43386538E-08   8.09750652    
   103.00000000000000        104.00000000000000        1.23328912E-08   9.10125828    
   104.00000000000000        105.00000000000000        9.20978316E-09   9.04491138    
   105.00000000000000        106.00000000000000        9.08950870E-09   8.02888775    
   106.00000000000000        107.00000000000000        7.44680095E-09   10.0552721    
   107.00000000000000        108.00000000000000        8.67696581E-09   12.5782518    
   108.00000000000000        109.00000000000000        9.93934712E-09   22.9292088    
   109.00000000000000        110.00000000000000        7.93116506E-09   8.68303585    
   110.00000000000000        111.00000000000000        5.55823121E-09   8.07234955    
   111.00000000000000        112.00000000000000        7.30494243E-09   10.6000967    
   112.00000000000000        113.00000000000000        6.50415277E-09   9.41202545    
   113.00000000000000        114.00000000000000        7.79678899E-09   24.5225830    
   114.00000000000000        115.00000000000000        8.52173621E-09   31.4834118    
   115.00000000000000        116.00000000000000        6.86563784E-09   19.3821373    
   116.00000000000000        117.00000000000000        8.82730156E-09   21.8101501    
   117.00000000000000        118.00000000000000        4.46276438E-09   8.60801888    
   118.00000000000000        119.00000000000000        4.68893546E-09   9.15392303    
   119.00000000000000        120.00000000000000        4.30820180E-09   8.09836483    
   120.00000000000000        121.00000000000000        3.40072459E-09   9.38422966    
   121.00000000000000        122.00000000000000        4.21379687E-09   11.4455853    
   122.00000000000000        123.00000000000000        5.87740212E-09   25.0944176    
   123.00000000000000        124.00000000000000        3.32319705E-09   12.7473059    
   124.00000000000000        125.00000000000000        5.28970201E-09   18.1402588    
   125.00000000000000        126.00000000000000        2.22356844E-09   11.3726969    
   126.00000000000000        127.00000000000000        2.72021183E-09   9.32663345    
   127.00000000000000        128.00000000000000        3.25132077E-09   11.8799849    
   128.00000000000000        129.00000000000000        3.61535912E-09   10.9400053    
   129.00000000000000        130.00000000000000        3.38722295E-09   23.6618042    
   130.00000000000000        131.00000000000000        2.81703727E-09   13.4730120    
   131.00000000000000        132.00000000000000        1.92593563E-09   16.1961727    
   132.00000000000000        133.00000000000000        2.52590149E-09   11.1593742    
   133.00000000000000        134.00000000000000        3.10751824E-09   10.2753048    
   134.00000000000000        135.00000000000000        1.93552663E-09   11.3651533    
   135.00000000000000        136.00000000000000        2.13492557E-09   9.56949806    
   136.00000000000000        137.00000000000000        1.78038895E-09   14.2432842    
   137.00000000000000        138.00000000000000        3.63985442E-09   18.4161415    
   138.00000000000000        139.00000000000000        2.64619993E-09   32.3988571    
   139.00000000000000        140.00000000000000        1.35913492E-09   13.4963598    
   140.00000000000000        141.00000000000000        2.16090879E-09   11.0927696    
   141.00000000000000        142.00000000000000        2.33952813E-09   18.9156570    
   142.00000000000000        143.00000000000000        1.78181714E-09   21.3946972    
   143.00000000000000        144.00000000000000        1.05625042E-09   14.5450096    
   144.00000000000000        145.00000000000000        1.83366600E-09   12.1030035    
   145.00000000000000        146.00000000000000        1.70238146E-09   11.4581566    
   146.00000000000000        147.00000000000000        1.24875510E-09   13.8432817    
   147.00000000000000        148.00000000000000        1.50022594E-09   15.7289104    
   148.00000000000000        149.00000000000000        1.88301819E-09   12.6595659    
   149.00000000000000        150.00000000000000        1.51973278E-09   16.7948647    
   150.00000000000000        151.00000000000000        1.43330425E-09   11.3362961    
   151.00000000000000        152.00000000000000        2.04574135E-09   18.8383427    
   152.00000000000000        153.00000000000000        1.78174375E-09   21.8735924    
   153.00000000000000        154.00000000000000        1.31874733E-09   15.0437241    
   154.00000000000000        155.00000000000000        1.35852862E-09   20.3954391    
   155.00000000000000        156.00000000000000        1.58822178E-09   13.8213425    
   156.00000000000000        157.00000000000000        1.51350799E-09   24.3496361    
   157.00000000000000        158.00000000000000        7.12097104E-10   13.4800329    
   158.00000000000000        159.00000000000000        1.85247784E-09   13.2290173    
   159.00000000000000        160.00000000000000        1.25263377E-09   18.5917149    
   160.00000000000000        161.00000000000000        1.38136169E-09   14.3820782    
   161.00000000000000        162.00000000000000        9.35059141E-10   25.9017715    
   162.00000000000000        163.00000000000000        8.53004778E-10   12.3295317    
   163.00000000000000        164.00000000000000        7.93925370E-10   16.0055485    
   164.00000000000000        165.00000000000000        2.05968731E-09   28.7375336    
   165.00000000000000        166.00000000000000        2.06107909E-09   24.2836666    
   166.00000000000000        167.00000000000000        1.32442068E-09   15.2161970    
   167.00000000000000        168.00000000000000        7.56762819E-10   16.3832798    
   168.00000000000000        169.00000000000000        1.02020548E-09   15.5922918    
   169.00000000000000        170.00000000000000        9.66760449E-10   14.7164001    
   170.00000000000000        171.00000000000000        1.39090828E-09   15.9466877    
   171.00000000000000        172.00000000000000        9.71963177E-10   14.0082273    
   172.00000000000000        173.00000000000000        1.32955791E-09   46.0623474    
   173.00000000000000        174.00000000000000        1.51624446E-09   20.7923203    
   174.00000000000000        175.00000000000000        4.36398723E-10   16.1352539    
   175.00000000000000        176.00000000000000        6.98350544E-10   21.5717278    
   176.00000000000000        177.00000000000000        6.45161036E-10   22.2404861    
   177.00000000000000        178.00000000000000        8.54291360E-10   24.7413673    
   178.00000000000000        179.00000000000000        9.70404423E-10   18.3166943    
   179.00000000000000        180.00000000000000        5.97008554E-10   14.3097420    
   180.00000000000000        181.00000000000000        1.16646715E-09   33.5446701    
   181.00000000000000        182.00000000000000        1.01433617E-09   46.2074394    
   182.00000000000000        183.00000000000000        7.20003723E-10   21.8213882    
   183.00000000000000        184.00000000000000        6.76544598E-10   32.9622421    
   184.00000000000000        185.00000000000000        5.10711196E-10   17.8385353    
   185.00000000000000        186.00000000000000        6.57852939E-10   18.8523712    
   186.00000000000000        187.00000000000000        1.07908915E-09   37.1308937    
   187.00000000000000        188.00000000000000        5.62345615E-10   15.8224602    
   188.00000000000000        189.00000000000000        6.25113905E-10   38.8983574    
   189.00000000000000        190.00000000000000        6.14140239E-10   23.3755817    
   190.00000000000000        191.00000000000000        6.14619911E-10   20.0366802    
   191.00000000000000        192.00000000000000        1.02330688E-09   49.3226204    
   192.00000000000000        193.00000000000000        3.11429466E-10   25.0812054    
   193.00000000000000        194.00000000000000        5.09806086E-10   46.7331734    
   194.00000000000000        195.00000000000000        3.88894916E-10   29.6836739    
   195.00000000000000        196.00000000000000        3.49671542E-10   20.9319973    
   196.00000000000000        197.00000000000000        4.44678294E-10   21.8930321    
   197.00000000000000        198.00000000000000        3.52315066E-10   22.9077740    
   198.00000000000000        199.00000000000000        2.39495618E-10   21.7126865    
   199.00000000000000        200.00000000000000        3.93417521E-10   20.4399204    
   200.00000000000000        201.00000000000000        4.13392903E-10   18.5260735    
   201.00000000000000        202.00000000000000        3.77278930E-10   20.6033440    
   202.00000000000000        203.00000000000000        3.05894754E-10   26.1576385    
   203.00000000000000        204.00000000000000        2.79044426E-10   19.9686279    
   204.00000000000000        205.00000000000000        3.25527771E-10   17.9971867    
   205.00000000000000        206.00000000000000        2.74727352E-10   20.2541275    
   206.00000000000000        207.00000000000000        3.19529125E-10   31.9521790    
   207.00000000000000        208.00000000000000        3.38480521E-10   23.7168789    
   208.00000000000000        209.00000000000000        4.26220642E-10   30.4671326    
   209.00000000000000        210.00000000000000        3.19566568E-10   20.6778431    
   210.00000000000000        211.00000000000000        4.03251654E-10   26.4421692    
   211.00000000000000        212.00000000000000        9.86048798E-10   37.8512878    
   212.00000000000000        213.00000000000000        2.90420299E-10   26.7984276    
   213.00000000000000        214.00000000000000        1.42398440E-10   29.4347229    
   214.00000000000000        215.00000000000000        1.24355262E-10   19.8490429    
   215.00000000000000        216.00000000000000        3.28972044E-10   22.5975456    
   216.00000000000000        217.00000000000000        1.31307853E-10   30.6118374    
   217.00000000000000        218.00000000000000        1.82431181E-10   16.7308502    
   218.00000000000000        219.00000000000000        8.72951822E-10   86.5920410    
   219.00000000000000        220.00000000000000        7.36768313E-10   36.6433754    
   220.00000000000000        221.00000000000000        5.92099036E-10   48.0183258    
   221.00000000000000        222.00000000000000        2.61628941E-10   34.5595398    
   222.00000000000000        223.00000000000000        2.78340934E-10   29.2750187    
   223.00000000000000        224.00000000000000        1.22639310E-09   86.8573685    
   224.00000000000000        225.00000000000000        1.79689152E-10   31.2795792    
   225.00000000000000        226.00000000000000        1.84912877E-10   21.4274578    
   226.00000000000000        227.00000000000000        2.31160424E-10   20.8098259    
   227.00000000000000        228.00000000000000        3.85859594E-10   20.1276112    
   228.00000000000000        229.00000000000000        2.12327114E-10   31.7589989    
   229.00000000000000        230.00000000000000        1.48546314E-10   23.4656239    
   230.00000000000000        231.00000000000000        2.65886507E-10   24.1593933    
   231.00000000000000        232.00000000000000        8.93357832E-10   61.1037788    
   232.00000000000000        233.00000000000000        2.23025737E-10   28.9766312    
   233.00000000000000        234.00000000000000        2.34483266E-10   25.5821438    
   234.00000000000000        235.00000000000000        1.77925924E-10   20.9555912    
   235.00000000000000        236.00000000000000        3.31339650E-10   21.3882465    
   236.00000000000000        237.00000000000000        1.44797327E-10   46.6416168    
   237.00000000000000        238.00000000000000        3.18431864E-10   28.2607822    
   238.00000000000000        239.00000000000000        2.32556002E-10   25.6672115    
   239.00000000000000        240.00000000000000        3.24057725E-10   56.7500648    
   240.00000000000000        241.00000000000000        5.32502063E-11   36.9257317    
   241.00000000000000        242.00000000000000        1.68908998E-10   37.0744743    
   242.00000000000000        243.00000000000000        1.89342111E-10   45.8980713    
   243.00000000000000        244.00000000000000        1.14518187E-10   23.9392471    
   244.00000000000000        245.00000000000000        9.94018062E-11   31.8350677    
   245.00000000000000        246.00000000000000        8.37303005E-11   38.4338188    
   246.00000000000000        247.00000000000000        1.08168030E-10   46.7343254    
   247.00000000000000        248.00000000000000        5.29617288E-11   27.5687790    
   248.00000000000000        249.00000000000000        1.34546083E-10   54.4267006    
   249.00000000000000        250.00000000000000        6.49633541E-11   41.1031189    
   250.00000000000000        251.00000000000000        3.55420832E-11   42.8093758    
   251.00000000000000        252.00000000000000        6.35759084E-11   22.9807205    
   252.00000000000000        253.00000000000000        1.64734736E-11   46.9782753    
   253.00000000000000        254.00000000000000        1.95123865E-11   46.2735786    
   254.00000000000000        255.00000000000000        1.15031963E-10   31.6965847    
   255.00000000000000        256.00000000000000        1.15569943E-10   22.1885090    
   256.00000000000000        257.00000000000000        1.00102357E-10   29.6737251    
   257.00000000000000        258.00000000000000        1.51788512E-11   81.2279434    
   258.00000000000000        259.00000000000000        2.12342741E-10   21.9894104    
   259.00000000000000        260.00000000000000        8.12369061E-11   22.6777039    
   260.00000000000000        261.00000000000000        1.05614788E-10   41.5475121    
   261.00000000000000        262.00000000000000        1.06349124E-10   37.6134949    
   262.00000000000000        263.00000000000000        8.82595524E-11   23.1549339    
   263.00000000000000        263.00000000000000        8.82595524E-11   23.1549339    
