 # Detector n: 1D Projection
   0.0000000000000000        10.000000000000000        3.19726412E-10   7.64989567    
   10.000000000000000        20.000000000000000        3.44359097E-10   9.85132885    
   20.000000000000000        30.000000000000000        3.14823945E-10   7.60867882    
   30.000000000000000        40.000000000000000        2.92538743E-10   8.15291691    
   40.000000000000000        50.000000000000000        2.70287931E-10   6.12769270    
   50.000000000000000        60.000000000000000        2.58589761E-10   7.59679222    
   60.000000000000000        70.000000000000000        2.83550100E-10   11.3717337    
   70.000000000000000        80.000000000000000        2.91323160E-10   12.1764097    
   80.000000000000000        90.000000000000000        3.61535774E-10   10.3096104    
   90.000000000000000        100.00000000000000        5.20803067E-10   9.18601036    
   100.00000000000000        110.00000000000000        3.55316138E-10   13.8704119    
   110.00000000000000        120.00000000000000        3.82360588E-10   10.9873753    
   120.00000000000000        130.00000000000000        4.49117799E-10   7.86070728    
   130.00000000000000        140.00000000000000        4.01680217E-10   12.6272726    
   140.00000000000000        150.00000000000000        3.63380520E-10   8.43187904    
   150.00000000000000        160.00000000000000        2.46318049E-10   5.24981976    
   160.00000000000000        170.00000000000000        2.88996604E-10   6.40097713    
   170.00000000000000        180.00000000000000        3.04857639E-10   9.09996986    
   180.00000000000000        190.00000000000000        3.04337971E-10   13.9269905    
   190.00000000000000        200.00000000000000        3.10902942E-10   7.38790035    
   200.00000000000000        210.00000000000000        2.89917673E-10   5.34249210    
   210.00000000000000        220.00000000000000        4.66595096E-10   6.65347719    
   220.00000000000000        230.00000000000000        3.89227095E-10   7.44880438    
   230.00000000000000        240.00000000000000        3.23080562E-10   7.65230894    
   240.00000000000000        250.00000000000000        3.45088957E-10   6.95128059    
   250.00000000000000        260.00000000000000        3.02055686E-10   14.2737846    
   260.00000000000000        270.00000000000000        4.06895906E-10   6.24251747    
   270.00000000000000        280.00000000000000        3.43091056E-10   9.56874752    
   280.00000000000000        290.00000000000000        4.20571855E-10   7.91142559    
   290.00000000000000        300.00000000000000        3.67380237E-10   6.48940802    
   300.00000000000000        310.00000000000000        3.91346483E-10   11.3206606    
   310.00000000000000        320.00000000000000        3.91252891E-10   8.44792938    
   320.00000000000000        330.00000000000000        4.52832494E-10   6.57154989    
   330.00000000000000        340.00000000000000        4.31313180E-10   9.59849167    
   340.00000000000000        350.00000000000000        5.89811755E-10   5.60179853    
   350.00000000000000        360.00000000000000        6.44156062E-10   8.56381035    
   360.00000000000000        370.00000000000000        5.80540227E-10   7.26463127    
   370.00000000000000        380.00000000000000        7.35091932E-10   5.32875824    
   380.00000000000000        390.00000000000000        1.05301068E-09   5.45096254    
   390.00000000000000        400.00000000000000        1.04637499E-09   4.24545765    
   400.00000000000000        410.00000000000000        1.27576827E-09   4.19907427    
   410.00000000000000        420.00000000000000        1.54185931E-09   3.40072560    
   420.00000000000000        430.00000000000000        2.25574626E-09   4.13104200    
   430.00000000000000        430.00000000000000        2.25574626E-09   4.13104200    
