 # Detector n: 1D Projection
   40.000000000000000        41.000000000000000        1.18259613E-05   1.83806050    
   41.000000000000000        42.000000000000000        1.36559302E-05   1.09224558    
   42.000000000000000        43.000000000000000        1.23797272E-05   1.04851532    
   43.000000000000000        44.000000000000000        1.03892926E-05   1.12437475    
   44.000000000000000        45.000000000000000        7.11463781E-06   1.37290168    
   45.000000000000000        46.000000000000000        5.85698945E-06   1.35478663    
   46.000000000000000        47.000000000000000        5.27995144E-06   1.43506634    
   47.000000000000000        48.000000000000000        4.73683212E-06   1.64124775    
   48.000000000000000        49.000000000000000        4.47139155E-06   1.59805524    
   49.000000000000000        50.000000000000000        4.21067170E-06   1.64782012    
   50.000000000000000        51.000000000000000        3.88167427E-06   1.56228006    
   51.000000000000000        52.000000000000000        3.76535399E-06   1.37956285    
   52.000000000000000        53.000000000000000        3.51718586E-06   1.48481321    
   53.000000000000000        54.000000000000000        3.57287558E-06   1.75937867    
   54.000000000000000        55.000000000000000        3.23822655E-06   1.61347091    
   55.000000000000000        56.000000000000000        3.31422507E-06   1.71959138    
   56.000000000000000        57.000000000000000        3.04531522E-06   1.77270973    
   57.000000000000000        58.000000000000000        2.97391648E-06   1.93659496    
   58.000000000000000        59.000000000000000        2.75374646E-06   1.68388844    
   59.000000000000000        60.000000000000000        2.60304682E-06   2.04993773    
   60.000000000000000        61.000000000000000        2.60110164E-06   1.48984039    
   61.000000000000000        62.000000000000000        2.45146748E-06   1.93318748    
   62.000000000000000        63.000000000000000        2.34417234E-06   1.90950668    
   63.000000000000000        64.000000000000000        2.25028566E-06   1.92558658    
   64.000000000000000        65.000000000000000        2.14711508E-06   2.03260040    
   65.000000000000000        66.000000000000000        1.98830548E-06   1.78521872    
   66.000000000000000        67.000000000000000        1.92783637E-06   1.93445539    
   67.000000000000000        68.000000000000000        1.89444904E-06   1.98122692    
   68.000000000000000        69.000000000000000        1.78964524E-06   2.04251242    
   69.000000000000000        70.000000000000000        1.76743254E-06   2.23277354    
   70.000000000000000        71.000000000000000        1.65788606E-06   2.17603588    
   71.000000000000000        72.000000000000000        1.63362165E-06   2.09942198    
   72.000000000000000        73.000000000000000        1.55310966E-06   1.77721381    
   73.000000000000000        74.000000000000000        1.46486036E-06   1.75461245    
   74.000000000000000        75.000000000000000        1.43762190E-06   2.24073911    
   75.000000000000000        76.000000000000000        1.43494492E-06   2.59312439    
   76.000000000000000        77.000000000000000        1.35270636E-06   2.17305636    
   77.000000000000000        78.000000000000000        1.31051297E-06   1.99881816    
   78.000000000000000        79.000000000000000        1.24752785E-06   2.25880790    
   79.000000000000000        80.000000000000000        1.21685628E-06   2.47272825    
   80.000000000000000        81.000000000000000        1.13946999E-06   2.48439860    
   81.000000000000000        82.000000000000000        1.15888713E-06   2.16509891    
   82.000000000000000        83.000000000000000        1.08359234E-06   2.60888267    
   83.000000000000000        84.000000000000000        1.02756292E-06   2.95635629    
   84.000000000000000        85.000000000000000        1.03600007E-06   2.68618083    
   85.000000000000000        86.000000000000000        9.11375935E-07   2.50060201    
   86.000000000000000        87.000000000000000        9.50374840E-07   2.64811730    
   87.000000000000000        88.000000000000000        9.17404975E-07   2.80258036    
   88.000000000000000        89.000000000000000        8.65394611E-07   2.93817592    
   89.000000000000000        90.000000000000000        8.34564958E-07   2.59068799    
   90.000000000000000        91.000000000000000        7.76957165E-07   2.44694543    
   91.000000000000000        92.000000000000000        7.83282246E-07   2.93712902    
   92.000000000000000        93.000000000000000        7.12281178E-07   2.77924538    
   93.000000000000000        94.000000000000000        7.25859707E-07   2.31027627    
   94.000000000000000        95.000000000000000        7.28649582E-07   3.88402486    
   95.000000000000000        96.000000000000000        6.98580720E-07   3.93471432    
   96.000000000000000        97.000000000000000        6.43006103E-07   2.46678972    
   97.000000000000000        98.000000000000000        6.13635621E-07   3.37531161    
   98.000000000000000        99.000000000000000        6.26078304E-07   2.94321823    
   99.000000000000000        100.00000000000000        6.04445859E-07   3.48395324    
   100.00000000000000        101.00000000000000        5.75606180E-07   2.73369718    
   101.00000000000000        102.00000000000000        5.64426841E-07   3.10463476    
   102.00000000000000        103.00000000000000        5.39879807E-07   2.48079634    
   103.00000000000000        104.00000000000000        5.24186817E-07   2.50334764    
   104.00000000000000        105.00000000000000        5.07669768E-07   3.34130931    
   105.00000000000000        106.00000000000000        4.82814244E-07   2.97516727    
   106.00000000000000        107.00000000000000        4.85660223E-07   2.97863293    
   107.00000000000000        108.00000000000000        4.63368792E-07   2.57848024    
   108.00000000000000        109.00000000000000        4.36791680E-07   3.11392570    
   109.00000000000000        110.00000000000000        4.61426822E-07   4.70142460    
   110.00000000000000        111.00000000000000        4.58846728E-07   3.31494212    
   111.00000000000000        112.00000000000000        4.14311444E-07   3.13095856    
   112.00000000000000        113.00000000000000        4.12943990E-07   3.47621560    
   113.00000000000000        114.00000000000000        3.91771636E-07   3.32213426    
   114.00000000000000        115.00000000000000        3.68894490E-07   2.98608160    
   115.00000000000000        116.00000000000000        3.65552836E-07   3.57166481    
   116.00000000000000        117.00000000000000        3.67789085E-07   5.26580763    
   117.00000000000000        118.00000000000000        3.58623481E-07   3.41579986    
   118.00000000000000        119.00000000000000        3.43314753E-07   2.96777034    
   119.00000000000000        120.00000000000000        3.39448434E-07   4.89403725    
   120.00000000000000        121.00000000000000        3.32837971E-07   3.50427556    
   121.00000000000000        122.00000000000000        3.26899851E-07   3.33170342    
   122.00000000000000        123.00000000000000        3.03990163E-07   4.23063707    
   123.00000000000000        124.00000000000000        2.93986602E-07   3.71667433    
   124.00000000000000        125.00000000000000        2.73412297E-07   2.99703097    
   125.00000000000000        126.00000000000000        2.74691700E-07   3.76886272    
   126.00000000000000        127.00000000000000        2.58065398E-07   4.73625612    
   127.00000000000000        128.00000000000000        2.59007237E-07   3.43304062    
   128.00000000000000        129.00000000000000        2.51190130E-07   3.31590509    
   129.00000000000000        130.00000000000000        2.30145901E-07   3.73593640    
   130.00000000000000        131.00000000000000        2.50171155E-07   3.68960094    
   131.00000000000000        132.00000000000000        2.35289406E-07   4.66426516    
   132.00000000000000        133.00000000000000        2.20968559E-07   5.08672237    
   133.00000000000000        134.00000000000000        2.30012617E-07   3.69906235    
   134.00000000000000        135.00000000000000        2.21120246E-07   3.86788368    
   135.00000000000000        136.00000000000000        2.01378143E-07   4.04080725    
   136.00000000000000        137.00000000000000        2.03675924E-07   3.11397791    
   137.00000000000000        138.00000000000000        1.93629631E-07   3.56285119    
   138.00000000000000        139.00000000000000        2.11343703E-07   4.73848820    
   139.00000000000000        140.00000000000000        1.80964392E-07   3.79644084    
   140.00000000000000        141.00000000000000        1.86055900E-07   4.05211687    
   141.00000000000000        142.00000000000000        1.80829701E-07   3.61315298    
   142.00000000000000        143.00000000000000        1.86417225E-07   3.57078433    
   143.00000000000000        144.00000000000000        1.66450491E-07   3.18294621    
   144.00000000000000        145.00000000000000        1.78385875E-07   4.37445307    
   145.00000000000000        146.00000000000000        1.58213069E-07   4.57047081    
   146.00000000000000        147.00000000000000        1.61210792E-07   4.03974581    
   147.00000000000000        148.00000000000000        1.58418842E-07   5.09584522    
   148.00000000000000        149.00000000000000        1.47435898E-07   5.80349159    
   149.00000000000000        150.00000000000000        1.52425812E-07   4.43662024    
   150.00000000000000        151.00000000000000        1.51246567E-07   7.15887547    
   151.00000000000000        152.00000000000000        1.58399814E-07   6.19933367    
   152.00000000000000        153.00000000000000        1.31957961E-07   4.93417025    
   153.00000000000000        154.00000000000000        1.31350347E-07   3.98711157    
   154.00000000000000        155.00000000000000        1.35197155E-07   4.87795115    
   155.00000000000000        156.00000000000000        1.26507899E-07   4.79170752    
   156.00000000000000        157.00000000000000        1.26628876E-07   5.21500158    
   157.00000000000000        158.00000000000000        1.14723946E-07   3.29858971    
   158.00000000000000        159.00000000000000        1.32866134E-07   9.35137081    
   159.00000000000000        160.00000000000000        1.22261810E-07   6.16404963    
   160.00000000000000        161.00000000000000        1.11777204E-07   5.61855602    
   161.00000000000000        162.00000000000000        1.06200581E-07   4.07814169    
   162.00000000000000        163.00000000000000        1.08236314E-07   5.19045591    
   163.00000000000000        164.00000000000000        1.05136174E-07   4.98879337    
   164.00000000000000        165.00000000000000        1.04145059E-07   8.96097374    
   165.00000000000000        166.00000000000000        9.79353985E-08   5.78576183    
   166.00000000000000        167.00000000000000        9.52240242E-08   3.98489356    
   167.00000000000000        168.00000000000000        9.13959681E-08   4.58416224    
   168.00000000000000        169.00000000000000        9.67967466E-08   6.84462547    
   169.00000000000000        170.00000000000000        9.05844288E-08   5.11746979    
   170.00000000000000        171.00000000000000        9.67390292E-08   6.73019981    
   171.00000000000000        172.00000000000000        8.55783711E-08   4.81507349    
   172.00000000000000        173.00000000000000        9.20886407E-08   5.59879303    
   173.00000000000000        174.00000000000000        8.10223426E-08   5.31599426    
   174.00000000000000        175.00000000000000        8.48018331E-08   5.07339525    
   175.00000000000000        176.00000000000000        8.04895706E-08   7.48851156    
   176.00000000000000        177.00000000000000        7.64394699E-08   6.69743490    
   177.00000000000000        178.00000000000000        6.47027676E-08   5.92239046    
   178.00000000000000        179.00000000000000        7.30375334E-08   9.53614902    
   179.00000000000000        180.00000000000000        6.96112394E-08   4.55421543    
   180.00000000000000        181.00000000000000        6.27871160E-08   5.26595831    
   181.00000000000000        182.00000000000000        7.14441200E-08   9.59681892    
   182.00000000000000        183.00000000000000        6.10923507E-08   5.28360367    
   183.00000000000000        184.00000000000000        5.85543489E-08   6.42824745    
   184.00000000000000        185.00000000000000        5.70042786E-08   5.84798479    
   185.00000000000000        186.00000000000000        5.21475378E-08   6.21855354    
   186.00000000000000        187.00000000000000        6.22960101E-08   8.21420002    
   187.00000000000000        188.00000000000000        5.33517337E-08   6.74964285    
   188.00000000000000        189.00000000000000        4.56134224E-08   5.90291548    
   189.00000000000000        190.00000000000000        4.65714081E-08   6.72345066    
   190.00000000000000        191.00000000000000        4.95032815E-08   7.68120861    
   191.00000000000000        192.00000000000000        5.22127408E-08   6.96943617    
   192.00000000000000        193.00000000000000        4.37573320E-08   9.91345596    
   193.00000000000000        194.00000000000000        4.09380583E-08   8.02134323    
   194.00000000000000        195.00000000000000        4.31266045E-08   8.68850136    
   195.00000000000000        196.00000000000000        4.44307240E-08   12.4768171    
   196.00000000000000        197.00000000000000        3.39763169E-08   9.90963173    
   197.00000000000000        198.00000000000000        3.71284621E-08   8.92761898    
   198.00000000000000        199.00000000000000        3.62933328E-08   8.79197121    
   199.00000000000000        200.00000000000000        3.81571468E-08   8.70419693    
   200.00000000000000        201.00000000000000        2.92689499E-08   9.71724415    
   201.00000000000000        202.00000000000000        3.04647187E-08   9.34704208    
   202.00000000000000        203.00000000000000        2.95256068E-08   13.8481483    
   203.00000000000000        204.00000000000000        3.00149026E-08   6.69046497    
   204.00000000000000        205.00000000000000        3.01018019E-08   7.10304451    
   205.00000000000000        206.00000000000000        2.51402223E-08   5.99398708    
   206.00000000000000        207.00000000000000        2.76306285E-08   8.06273365    
   207.00000000000000        208.00000000000000        2.32777566E-08   5.86328506    
   208.00000000000000        209.00000000000000        2.33844855E-08   7.14287329    
   209.00000000000000        210.00000000000000        2.19924132E-08   6.03332949    
   210.00000000000000        210.00000000000000        2.19924132E-08   6.03332949    
