 # Detector n: 1D Projection
   49.000000000000000        50.000000000000000        2.35400967E-06   2.60092044    
   50.000000000000000        51.000000000000000        1.98334669E-06   1.89176345    
   51.000000000000000        52.000000000000000        1.34158768E-06   1.91335189    
   52.000000000000000        53.000000000000000        1.04428341E-06   2.75189996    
   53.000000000000000        54.000000000000000        7.75903800E-07   2.63996339    
   54.000000000000000        55.000000000000000        6.52885433E-07   3.03400064    
   55.000000000000000        56.000000000000000        5.81236577E-07   3.80421162    
   56.000000000000000        57.000000000000000        5.32278136E-07   4.95915842    
   57.000000000000000        58.000000000000000        4.58747820E-07   4.81001902    
   58.000000000000000        59.000000000000000        4.05103862E-07   5.35541773    
   59.000000000000000        60.000000000000000        3.50280402E-07   5.03352356    
   60.000000000000000        61.000000000000000        3.20257243E-07   4.20432520    
   61.000000000000000        62.000000000000000        3.00700634E-07   4.83859968    
   62.000000000000000        63.000000000000000        3.01131990E-07   4.71149683    
   63.000000000000000        64.000000000000000        2.44030502E-07   4.97980261    
   64.000000000000000        65.000000000000000        2.27181360E-07   4.61997223    
   65.000000000000000        66.000000000000000        2.28076090E-07   6.61598444    
   66.000000000000000        67.000000000000000        2.05630769E-07   5.83396912    
   67.000000000000000        68.000000000000000        1.91568262E-07   4.14208078    
   68.000000000000000        69.000000000000000        2.02120589E-07   4.28755474    
   69.000000000000000        70.000000000000000        1.86369817E-07   4.90207386    
   70.000000000000000        71.000000000000000        1.68887823E-07   4.64289618    
   71.000000000000000        72.000000000000000        1.65834237E-07   8.26467514    
   72.000000000000000        73.000000000000000        1.51426264E-07   5.31108189    
   73.000000000000000        74.000000000000000        1.38567330E-07   6.20572424    
   74.000000000000000        75.000000000000000        1.36183615E-07   5.39656258    
   75.000000000000000        76.000000000000000        1.31300780E-07   5.21415567    
   76.000000000000000        77.000000000000000        1.13960212E-07   5.25137663    
   77.000000000000000        78.000000000000000        1.04137456E-07   6.76451635    
   78.000000000000000        79.000000000000000        1.21453525E-07   6.14516830    
   79.000000000000000        80.000000000000000        9.90720892E-08   6.00405073    
   80.000000000000000        81.000000000000000        1.00724428E-07   7.98181725    
   81.000000000000000        82.000000000000000        9.90457707E-08   9.60907650    
   82.000000000000000        83.000000000000000        8.36697325E-08   5.58370161    
   83.000000000000000        84.000000000000000        8.52546407E-08   5.60632753    
   84.000000000000000        85.000000000000000        8.25109154E-08   6.41504765    
   85.000000000000000        86.000000000000000        8.04368128E-08   5.59185982    
   86.000000000000000        87.000000000000000        8.23656094E-08   13.4773235    
   87.000000000000000        88.000000000000000        6.50174456E-08   5.28834009    
   88.000000000000000        89.000000000000000        7.22178868E-08   10.3215351    
   89.000000000000000        90.000000000000000        7.19464239E-08   10.0443249    
   90.000000000000000        91.000000000000000        5.65067815E-08   6.11513519    
   91.000000000000000        92.000000000000000        5.11837044E-08   5.92287683    
   92.000000000000000        93.000000000000000        5.74078811E-08   6.60008430    
   93.000000000000000        94.000000000000000        5.88035007E-08   6.01694536    
   94.000000000000000        95.000000000000000        5.88595839E-08   6.49400806    
   95.000000000000000        96.000000000000000        5.85336473E-08   10.0697660    
   96.000000000000000        97.000000000000000        5.18374286E-08   7.96692133    
   97.000000000000000        98.000000000000000        4.62399683E-08   10.0597496    
   98.000000000000000        99.000000000000000        4.98936394E-08   15.5145407    
   99.000000000000000        100.00000000000000        4.03728002E-08   6.95263386    
   100.00000000000000        101.00000000000000        4.53985756E-08   12.9334745    
   101.00000000000000        102.00000000000000        3.64799320E-08   9.02233982    
   102.00000000000000        103.00000000000000        3.72274300E-08   6.70132256    
   103.00000000000000        104.00000000000000        3.15251967E-08   6.01380634    
   104.00000000000000        105.00000000000000        3.23060299E-08   7.17958355    
   105.00000000000000        106.00000000000000        3.80202110E-08   10.2172470    
   106.00000000000000        107.00000000000000        4.00853928E-08   21.8589058    
   107.00000000000000        108.00000000000000        3.88340560E-08   12.2761030    
   108.00000000000000        109.00000000000000        3.23441398E-08   13.5182667    
   109.00000000000000        110.00000000000000        3.14204520E-08   10.2119522    
   110.00000000000000        111.00000000000000        2.47221195E-08   8.47266197    
   111.00000000000000        112.00000000000000        2.72396878E-08   10.7022638    
   112.00000000000000        113.00000000000000        3.57960452E-08   12.5867758    
   113.00000000000000        114.00000000000000        2.37694859E-08   8.51912308    
   114.00000000000000        115.00000000000000        1.94996019E-08   6.02953243    
   115.00000000000000        116.00000000000000        2.05659703E-08   6.43047476    
   116.00000000000000        117.00000000000000        2.12705142E-08   9.27858734    
   117.00000000000000        118.00000000000000        2.08389501E-08   9.30111885    
   118.00000000000000        119.00000000000000        1.95591472E-08   14.1461105    
   119.00000000000000        120.00000000000000        2.33232793E-08   12.0752974    
   120.00000000000000        121.00000000000000        1.76368520E-08   7.09379768    
   121.00000000000000        122.00000000000000        1.81238260E-08   15.8834801    
   122.00000000000000        123.00000000000000        1.73872259E-08   14.4606199    
   123.00000000000000        124.00000000000000        2.34918272E-08   26.3283100    
   124.00000000000000        125.00000000000000        1.38906877E-08   12.5089626    
   125.00000000000000        126.00000000000000        1.80114093E-08   11.5505829    
   126.00000000000000        127.00000000000000        2.07293134E-08   21.6826611    
   127.00000000000000        128.00000000000000        1.48794124E-08   17.0795879    
   128.00000000000000        129.00000000000000        1.43800669E-08   12.6176434    
   129.00000000000000        130.00000000000000        1.35920333E-08   9.57706356    
   130.00000000000000        131.00000000000000        1.15308447E-08   7.90595913    
   131.00000000000000        132.00000000000000        1.48366315E-08   13.5268297    
   132.00000000000000        133.00000000000000        1.27355166E-08   10.3972626    
   133.00000000000000        134.00000000000000        1.35354776E-08   8.63197136    
   134.00000000000000        135.00000000000000        1.04468292E-08   12.3960447    
   135.00000000000000        136.00000000000000        1.39297445E-08   19.3459110    
   136.00000000000000        137.00000000000000        1.21752661E-08   8.92350292    
   137.00000000000000        138.00000000000000        8.76398953E-09   13.7209530    
   138.00000000000000        139.00000000000000        1.70697909E-08   26.2906799    
   139.00000000000000        140.00000000000000        1.14399086E-08   13.3867579    
   140.00000000000000        141.00000000000000        8.76953354E-09   11.3814936    
   141.00000000000000        142.00000000000000        8.94813645E-09   12.0287104    
   142.00000000000000        143.00000000000000        1.07990257E-08   16.7231865    
   143.00000000000000        144.00000000000000        8.81550566E-09   14.0345230    
   144.00000000000000        145.00000000000000        7.46989937E-09   12.4366455    
   145.00000000000000        146.00000000000000        7.93665489E-09   9.79507542    
   146.00000000000000        147.00000000000000        8.94272922E-09   12.1283178    
   147.00000000000000        148.00000000000000        8.30233216E-09   13.4198236    
   148.00000000000000        149.00000000000000        6.89732049E-09   9.50831318    
   149.00000000000000        150.00000000000000        8.43672066E-09   15.7624350    
   150.00000000000000        151.00000000000000        9.09026010E-09   27.4006004    
   151.00000000000000        152.00000000000000        7.69375941E-09   17.2296448    
   152.00000000000000        153.00000000000000        5.33358424E-09   11.1867447    
   153.00000000000000        154.00000000000000        7.28074134E-09   19.7573166    
   154.00000000000000        155.00000000000000        7.64644170E-09   23.4997215    
   155.00000000000000        156.00000000000000        7.00525193E-09   13.7740221    
   156.00000000000000        157.00000000000000        6.65297728E-09   11.4020929    
   157.00000000000000        158.00000000000000        5.80535975E-09   15.0688200    
   158.00000000000000        159.00000000000000        5.19204635E-09   13.2456884    
   159.00000000000000        160.00000000000000        4.50160531E-09   8.93593502    
   160.00000000000000        161.00000000000000        4.63925831E-09   10.9722385    
   161.00000000000000        162.00000000000000        1.15047039E-08   28.0745392    
   162.00000000000000        163.00000000000000        5.29130917E-09   12.7560558    
   163.00000000000000        164.00000000000000        4.51629134E-09   9.44060421    
   164.00000000000000        165.00000000000000        4.08692369E-09   9.22288418    
   165.00000000000000        166.00000000000000        4.34047864E-09   11.3542328    
   166.00000000000000        167.00000000000000        4.90138774E-09   14.9229813    
   167.00000000000000        168.00000000000000        5.92292970E-09   14.8574944    
   168.00000000000000        169.00000000000000        4.78641704E-09   11.6446648    
   169.00000000000000        170.00000000000000        3.39720363E-09   14.1857967    
   170.00000000000000        171.00000000000000        6.31886188E-09   19.4156475    
   171.00000000000000        172.00000000000000        6.54775567E-09   28.9923191    
   172.00000000000000        173.00000000000000        3.08913939E-09   29.0345020    
   173.00000000000000        174.00000000000000        3.93806143E-09   15.7389622    
   174.00000000000000        175.00000000000000        3.00164427E-09   15.1850166    
   175.00000000000000        176.00000000000000        3.45372086E-09   14.7919979    
   176.00000000000000        177.00000000000000        2.82834689E-09   15.8897476    
   177.00000000000000        178.00000000000000        2.87559487E-09   11.9356232    
   178.00000000000000        179.00000000000000        3.10686699E-09   12.3621740    
   179.00000000000000        180.00000000000000        2.08386108E-09   12.0127611    
   180.00000000000000        181.00000000000000        3.68048014E-09   17.5681400    
   181.00000000000000        182.00000000000000        2.58974397E-09   14.9595661    
   182.00000000000000        183.00000000000000        3.65077280E-09   16.7032471    
   183.00000000000000        184.00000000000000        2.75399059E-09   41.1502647    
   184.00000000000000        185.00000000000000        2.55859067E-09   22.0434818    
   185.00000000000000        186.00000000000000        1.99017713E-09   15.3099594    
   186.00000000000000        187.00000000000000        1.72113634E-09   11.5522709    
   187.00000000000000        188.00000000000000        1.92919636E-09   17.9126320    
   188.00000000000000        189.00000000000000        2.01815120E-09   19.5839424    
   189.00000000000000        190.00000000000000        2.03401740E-09   27.3186169    
   190.00000000000000        191.00000000000000        2.16480078E-09   18.3954144    
   191.00000000000000        192.00000000000000        2.11961559E-09   17.0324059    
   192.00000000000000        193.00000000000000        1.94961003E-09   14.6151018    
   193.00000000000000        194.00000000000000        4.03398071E-09   69.1901474    
   194.00000000000000        195.00000000000000        2.25047070E-09   32.3535652    
   195.00000000000000        196.00000000000000        5.59172797E-09   48.2519455    
   196.00000000000000        197.00000000000000        3.19910409E-09   20.8909073    
   197.00000000000000        198.00000000000000        3.32423222E-09   18.1410599    
   198.00000000000000        199.00000000000000        1.43855683E-09   21.6389618    
   199.00000000000000        200.00000000000000        2.78830870E-09   24.7905216    
   200.00000000000000        201.00000000000000        1.85594362E-09   14.2625790    
   201.00000000000000        202.00000000000000        1.44949364E-09   20.6726837    
   202.00000000000000        203.00000000000000        1.14238619E-09   17.5662556    
   203.00000000000000        204.00000000000000        2.31260278E-09   59.4809647    
   204.00000000000000        205.00000000000000        1.36828893E-09   15.8261805    
   205.00000000000000        206.00000000000000        3.67681796E-09   28.7027626    
   206.00000000000000        207.00000000000000        1.64175651E-09   24.9058762    
   207.00000000000000        208.00000000000000        1.15176635E-09   16.6384449    
   208.00000000000000        209.00000000000000        1.56211444E-09   20.0434265    
   209.00000000000000        210.00000000000000        1.14262577E-09   14.3074875    
   210.00000000000000        211.00000000000000        9.18127352E-10   29.5208817    
   211.00000000000000        212.00000000000000        1.18075771E-09   14.9319458    
   212.00000000000000        213.00000000000000        2.63253330E-09   29.4170532    
   213.00000000000000        214.00000000000000        1.13466614E-09   19.6058884    
   214.00000000000000        215.00000000000000        1.06188602E-09   51.5919876    
   215.00000000000000        216.00000000000000        1.74185955E-09   17.5230770    
   216.00000000000000        217.00000000000000        1.05870546E-09   22.2590618    
   217.00000000000000        218.00000000000000        8.94730068E-10   18.4901791    
   218.00000000000000        219.00000000000000        2.16823492E-09   37.3034897    
   219.00000000000000        220.00000000000000        2.52598320E-09   57.7934265    
   220.00000000000000        221.00000000000000        1.08806864E-09   34.5557289    
   221.00000000000000        222.00000000000000        1.05861864E-09   21.5784626    
   222.00000000000000        223.00000000000000        8.50163440E-10   24.7719936    
   223.00000000000000        224.00000000000000        8.91818619E-10   29.6662636    
   224.00000000000000        225.00000000000000        3.41471074E-10   19.9579525    
   225.00000000000000        226.00000000000000        9.42436351E-10   23.9333858    
   226.00000000000000        227.00000000000000        9.38456202E-10   21.1978741    
   227.00000000000000        228.00000000000000        6.66326494E-10   15.4898109    
   228.00000000000000        229.00000000000000        4.39422498E-10   24.4230003    
   229.00000000000000        230.00000000000000        4.97803021E-10   33.8520660    
   230.00000000000000        231.00000000000000        4.29425301E-10   47.5653343    
   231.00000000000000        232.00000000000000        6.88721247E-10   40.0903435    
   232.00000000000000        233.00000000000000        4.50836646E-10   25.2920666    
   233.00000000000000        234.00000000000000        2.48127685E-10   20.2967720    
   234.00000000000000        235.00000000000000        4.08222539E-10   19.9150562    
   235.00000000000000        236.00000000000000        7.33064498E-10   41.5177956    
   236.00000000000000        237.00000000000000        2.99324537E-10   25.2469921    
   237.00000000000000        238.00000000000000        3.19199472E-10   19.5130253    
   238.00000000000000        239.00000000000000        1.64641434E-09   41.9257660    
   239.00000000000000        240.00000000000000        2.90340862E-10   19.7728004    
   240.00000000000000        241.00000000000000        4.51854221E-10   25.9116020    
   241.00000000000000        242.00000000000000        3.80312504E-10   23.8241520    
   242.00000000000000        243.00000000000000        4.10368378E-10   26.8866024    
   243.00000000000000        244.00000000000000        2.33677439E-10   24.0741940    
   244.00000000000000        245.00000000000000        3.77083392E-10   23.1755142    
   245.00000000000000        246.00000000000000        4.13885537E-10   32.4825630    
   246.00000000000000        247.00000000000000        4.36039066E-10   27.3254452    
   247.00000000000000        248.00000000000000        4.06145145E-10   48.2737389    
   248.00000000000000        249.00000000000000        3.82468973E-10   19.3079796    
   249.00000000000000        250.00000000000000        1.30196465E-10   38.7554893    
   250.00000000000000        251.00000000000000        1.94289779E-10   21.3343639    
   251.00000000000000        252.00000000000000        2.91891705E-10   28.1952267    
   252.00000000000000        253.00000000000000        1.91881760E-10   34.3893929    
   253.00000000000000        254.00000000000000        4.55891269E-10   36.1843719    
   254.00000000000000        255.00000000000000        3.99939332E-10   29.7400246    
   255.00000000000000        256.00000000000000        1.31985492E-10   23.6372471    
   256.00000000000000        257.00000000000000        1.22098276E-10   44.3887711    
   257.00000000000000        258.00000000000000        5.65590907E-10   55.7135925    
   258.00000000000000        259.00000000000000        3.95341676E-10   39.2735481    
   259.00000000000000        260.00000000000000        1.74088674E-10   33.8748131    
   260.00000000000000        261.00000000000000        2.52586257E-10   35.6984444    
   261.00000000000000        262.00000000000000        1.72777029E-10   20.8874741    
   262.00000000000000        263.00000000000000        3.82903043E-10   23.7584419    
   263.00000000000000        263.00000000000000        3.82903043E-10   23.7584419    
